% # columns="iteration, evaluation, void, void, void, xmean", seed=10, Fri Dec  7 18:08:51 2018, <python>{}</python> # scaling_of_variables: 1, typical_x: 0
1 7 0 0 0 0.9647605508895761 1.351143000216789 1.1109513379092004 1.1421054962209525 0.9574559791177429 1.2234038869811832 0.8861812613560596 1.140685534986034 0.9262834406480139 0.8558173843574103 0.9375882519867693
2 14 0 0 0 0.9647148146871796 1.406430935204148 1.1691623780325078 1.1693865679793674 0.8563384368682668 1.2290665618620478 1.1526124453467659 1.0777331379995394 1.1312770189328218 0.7807357713741528 0.9134691572993401
3 21 0 0 0 0.9293889011436126 1.412350708514277 1.178291977217231 0.8779313483373514 0.972017829422748 1.3404997753566024 1.2325687990540315 1.0604440354657292 1.0543141652309103 0.7435954172549407 0.8165815664880136
4 28 0 0 0 1.0496705420818822 1.4259019838140297 1.285593634140838 0.6395987810200182 0.8173505201148499 1.2697156334114073 1.3027526251234296 1.1167159319629552 1.1859453770116493 0.7485377336277906 0.8525887572905414
5 35 0 0 0 0.9459715393731459 1.452582194384904 1.4205012336032496 0.6520560356101675 0.8977222597224818 1.2467745086984336 1.2656283615769663 1.0361964937258723 1.255264682047642 0.6011903429392144 0.9452824459413787
6 42 0 0 0 0.8235071630668038 1.4100672279309052 1.3883930497754586 0.5071146757938577 0.6935001915250112 1.2405510406011675 1.1509249305800606 1.0776200904848205 1.3216126031610052 0.4347302581950869 0.9806541465084665
7 49 0 0 0 0.7721487902823162 1.4638555183033708 1.1551752951883165 0.5367212260306667 0.7130211966541236 1.1665110529692604 1.2075535399953221 1.129728572101349 1.2380962073103272 0.3594365022154737 0.9545648835773336
8 56 0 0 0 0.8806678752603675 1.5009789448182154 1.2291015754375674 0.6864848072007159 0.805982855250904 1.0784878327525387 1.1415486529891672 1.0642285216565688 1.4022004452403785 0.36471346139154404 0.8040822888401902
9 63 0 0 0 0.8726888418865423 1.4747552972084965 1.2641948421926628 0.6851208466875599 0.6745465989340295 0.9765318476512205 1.0428200517992536 1.251678905293346 1.4154210669878524 0.37944255648329633 0.5857381180807046
10 70 0 0 0 0.7729919479114025 1.2694370057714797 1.2158251985726976 0.7132975638149913 0.6498928307075635 1.03954195493981 1.117104953585428 1.1526500706081262 1.2835575440200002 0.37664346418392947 0.6184528228678939
11 77 0 0 0 0.7482008587385662 1.2028157914835613 1.2046458337741188 0.8258864691227765 0.6091236768743286 1.0866808139892652 1.2923286313256996 1.0835070122106725 1.2995249714421218 0.4128857008197426 0.5620299603070933
12 84 0 0 0 0.6825981874897836 1.1661250178661602 1.236689285710977 0.7444228626988146 0.6666308228989472 1.1609368886896914 1.1405075541459142 0.9090828307259823 1.2002791189671072 0.3781365435996837 0.6797525412709295
13 91 0 0 0 0.576934460867442 1.1660003378506945 1.1830935062712489 0.8041341536302422 0.6496211487047389 1.0636518555893053 1.2328474286762507 0.9314491680446104 1.3617750949953038 0.4734251774471821 0.7873508977348805
14 98 0 0 0 0.4531632019479116 1.041881550103027 1.1851197428160665 0.7309512730870944 0.6040723934430648 1.0915938515736336 1.2055439853559893 0.8680393078476271 1.2492349995880598 0.4410469605040212 0.8944067822711635
15 105 0 0 0 0.43588816389253743 1.0568666633426729 1.257264867854678 0.7918078999554014 0.5767822240874507 1.1361631803574868 1.2414819372600447 0.7784557556729039 1.2669995288734963 0.49958286499512355 0.849387643840782
16 112 0 0 0 0.48493377117154374 1.1336346902738792 1.2698426740730557 0.7247835791110127 0.5021025821416857 1.3419967295270163 1.10628632529744 0.7735763745537518 1.188090102126503 0.443601400182433 0.825695723570354
17 119 0 0 0 0.575901992771366 1.1243542107162885 1.3179401139740545 0.7556157930844852 0.5974074663869585 1.3022342583333484 1.204946531542259 0.7672269062970373 1.2455654935407354 0.44588264692874496 0.8730570911278401
18 126 0 0 0 0.6203810091494867 1.0847105858912787 1.34535522062664 0.6935139496208592 0.7427240126270611 1.2515982739375793 1.268645260561021 0.7849484643700604 1.2961935010160066 0.45096457063195133 0.9817834971440904
19 133 0 0 0 0.5670442053796508 1.0507561762757995 1.3199165849716434 0.6506993017886824 0.6282478212229381 1.2870999192618875 1.253832840436063 0.7422416613442391 1.2696200294241802 0.4751695391022404 0.9029898563793122
20 140 0 0 0 0.5314386806546232 0.9801903542203411 1.3380704903184204 0.5979564222367078 0.6559828350110262 1.266379941740105 1.2195622012990754 0.8169594651253546 1.3621595119539458 0.46868975940183355 0.8788444755361439
21 147 0 0 0 0.5824359613130959 1.0107085515989698 1.3276531127589413 0.5599835462093641 0.6736561135695208 1.1757135846973772 1.241556011568864 0.8047874732827642 1.398014908010988 0.43108396213417816 0.8176250804019162
22 154 0 0 0 0.6006149189576514 1.0838387065514636 1.3686211016559375 0.5747363826642732 0.6816932032360068 1.1669653876385193 1.2181425129421974 0.7310898933448668 1.473559416674902 0.4583774502862371 0.860408413840539
23 161 0 0 0 0.6157051861041292 1.104066321137838 1.4601939725034179 0.6349272999618895 0.701183401654707 1.1528913772099079 1.1181404440131686 0.7132355429314506 1.482437656985916 0.4426553737436955 0.8116745051418787
24 168 0 0 0 0.6487330272051696 1.1174128203954308 1.404271993212335 0.6600154425446905 0.740100025313666 1.145381575745539 1.1065021178173782 0.6707208941527237 1.5127448267488428 0.42911114552706137 0.7755114378637709
25 175 0 0 0 0.6549500144312614 1.195335656184949 1.4461214640454785 0.8179237506136536 0.7898303804258108 1.1210145870553723 1.1228330639083615 0.7754807036568415 1.498145445239809 0.44994965001107784 0.7903716336497737
26 182 0 0 0 0.6200689404781331 1.1880875509184856 1.476391677147017 0.8410425408355203 0.7717181518346836 1.1492753035655991 1.1671881491748757 0.6717039259724823 1.4456291321324786 0.4459449080154409 0.815141673153243
27 189 0 0 0 0.736905757186691 1.1477442524163037 1.4462411268715774 0.8450377700304458 0.8243827751249257 1.1474105970770312 1.1624238740264685 0.6470930695116625 1.3261264434952553 0.47307609491899694 0.8428810429927975
28 196 0 0 0 0.7684027513074912 1.2142809920479445 1.4289700123063394 0.7730653508969999 0.8657864375374222 1.1798791667702762 1.1152671982685982 0.6330161338051722 1.2762627594868667 0.5192041059816189 0.859298794496444
29 203 0 0 0 0.8531134080324857 1.1738637480754903 1.4853439420265007 0.7651520495128736 0.9201481879150382 1.2031401034037106 1.0658884850313364 0.6282916648874587 1.2820577156557669 0.5407455252392049 0.8249225057680514
30 210 0 0 0 0.8311812399311859 1.2815829886916053 1.4912214971774054 0.7488872429852725 0.9600613684613145 1.2180795180150161 1.0791095016707395 0.6492142113018669 1.3433212477834935 0.5738697910578905 0.8754253722540725
31 217 0 0 0 0.8110350094669849 1.3129867074534634 1.538749323168544 0.7937405089738606 0.9236064035439786 1.2980200512066764 1.0860228127557856 0.677856670583218 1.4026056008568806 0.5327386442401788 0.9194781500773184
32 224 0 0 0 0.8934358739965114 1.2688186929638687 1.5303098038276375 0.7913923762791462 0.9644409854389379 1.25933183070498 1.1398953700619268 0.6596208705118798 1.4208333687453782 0.5255446757919262 0.8848989675325419
33 231 0 0 0 0.9615418831319149 1.1984164084602353 1.5596705726423852 0.814580078822996 0.974563009257488 1.2286332840905378 1.1385011618310377 0.6515090216361532 1.4230859623126026 0.5026650815538143 0.8462801660286093
34 238 0 0 0 1.0011147583399063 1.2500968949037603 1.5950434740311805 0.7745845377098614 0.9292805859023193 1.2144757875330872 1.1771462916424538 0.7162279366896512 1.3723688433795174 0.5468656605045901 0.8566866529521772
35 245 0 0 0 1.0186930008012225 1.2582160648021345 1.622792988272961 0.7711260305698577 0.9287048373308445 1.2389111280870053 1.1301400936760033 0.757181696419017 1.3252211195063008 0.5535744886071173 0.9107708272345635
36 252 0 0 0 1.090781935020635 1.2802012702061498 1.6818229835069622 0.8204714982475975 0.9023163699690461 1.2229533971641664 1.1399329577211366 0.7646717512005461 1.3787896889835554 0.5531195369800499 0.9501664299567741
37 259 0 0 0 1.068131920530338 1.2685873086572168 1.6605039076043813 0.8325677753526254 0.938615295219118 1.3052687742522442 1.1352610962146246 0.7962073254855151 1.3421608165377321 0.5687379458456978 0.9674694579257085
38 266 0 0 0 1.0230803302203275 1.3061937511797725 1.6488636393011686 0.8300038859069911 0.9159584188348475 1.3099305427521135 1.081726633964692 0.8372233271927668 1.318026158742915 0.5666799729932029 0.9100584558415646
39 273 0 0 0 1.0512055319821085 1.3252230062320702 1.7458129077632751 0.8710320102423933 0.9086119714169977 1.292725251067318 1.114755732309956 0.860267916681149 1.350943570075574 0.5909975990619203 0.9348096296222753
40 280 0 0 0 1.091646097401558 1.3117293776085566 1.7330401103960202 0.8049183965958249 0.8978095988093217 1.3221315673858929 1.1373468411903138 0.8831131438275347 1.3214407435470605 0.6256831235687821 0.9520606218537194
41 287 0 0 0 1.0969482084856537 1.387527035536619 1.768753563212456 0.8183749799190091 0.8916292651802139 1.3205949079338093 1.1829907273911067 0.9035697465136726 1.3151184628053498 0.6960250988382132 1.0079321958701875
42 294 0 0 0 1.059462674934362 1.3852950436940672 1.7651897725465968 0.8197484281260382 0.8921118815353631 1.3734870462903337 1.2387445294143373 1.0179626306213625 1.3295388313977168 0.6897185280850259 1.0244265559432102
43 301 0 0 0 1.096000554233074 1.3702072528722382 1.7674891674321453 0.8409682190835189 0.907896301526548 1.3968427005908244 1.267941327740846 0.9940380949890439 1.2889156617226223 0.7019058332531374 1.0724427278928697
44 308 0 0 0 1.0401086681942135 1.393954249156578 1.785605088074011 0.8515052033911772 0.8832924040731419 1.4571707340490434 1.2581920187790443 0.9645416737443946 1.3093888450375215 0.7319580440966619 1.0989821193780607
45 315 0 0 0 1.045259043958714 1.3911773280542714 1.83017455659242 0.8454020756185521 0.8988260220922809 1.5130214795035692 1.2053448294252158 0.9872331219387823 1.3405067146066232 0.7129369413243826 1.1840804826429974
46 322 0 0 0 1.0255734790567652 1.4252545412086408 1.7910634217287427 0.8395531425271359 0.9120107641069075 1.5416236755769266 1.1670496437984523 0.9508167064296857 1.2899781931820906 0.7072711528786274 1.1319522863328741
47 329 0 0 0 1.082935110850616 1.3843986044502374 1.773266003449975 0.8789272145388266 0.9161523165241222 1.5209741401304093 1.2362211950942845 0.9207827283255077 1.2499951062261696 0.7921100161197677 1.1992469332468843
48 336 0 0 0 1.0844455359619012 1.378034555510941 1.825180431828449 0.8673287188574318 0.9707583520500378 1.5659182211669145 1.2121988129113923 0.9368592435648573 1.2515866990513629 0.7431281767285967 1.256418715823225
49 343 0 0 0 1.0903343162804533 1.3474628593584224 1.8598382880048328 0.8918377145527252 1.0035917030725148 1.61523925100068 1.2517336317010015 0.9130725716480392 1.2648503311346868 0.8071234538004587 1.2954149168797844
50 350 0 0 0 1.1222561067008123 1.3435202857727704 1.840554538541783 0.9082511386077385 1.0227467293787122 1.6090700644747238 1.324712538201197 0.9419464715258229 1.2141041643505048 0.8147645715102354 1.3214535728812542
51 357 0 0 0 1.1375359475572326 1.3519763625333523 1.8488592098304868 0.8365458278591229 1.0083767313645149 1.639868035272622 1.3482224263902853 0.9549753862691615 1.207823743791725 0.8669862064707198 1.3298484309061696
52 364 0 0 0 1.098376395153753 1.3215247384973892 1.8502582856269922 0.8066652890138343 1.0658034357756714 1.650169808025584 1.3215139136113083 0.9477280507446625 1.2145022522468518 0.9207519507325606 1.3619147771533249
53 371 0 0 0 1.12038630802388 1.3312786542427608 1.8583343585862193 0.7966888757086904 1.098026791067139 1.6163098840806027 1.3547777478988738 0.9756122259348614 1.2151975158114419 0.8899286622151946 1.4237131760099309
54 378 0 0 0 1.137054905723126 1.3285314759075395 1.9295527228556928 0.7479800338598912 1.0808841530248632 1.6550068463109493 1.3819486630042253 1.0182324866318513 1.2427014782375514 0.8729917939117917 1.4208275958778278
55 385 0 0 0 1.147369564302435 1.3105003462253957 1.9285350729434336 0.7602644092372103 1.0808457593873588 1.64339536511677 1.3426729469526548 1.1043745287860338 1.2247463282312778 0.8506265463638352 1.3665882397099127
56 392 0 0 0 1.1632582203309956 1.2587831852938478 1.9626295021917113 0.8378080087889535 1.1618473271909218 1.658536384343793 1.2927894179828434 1.1352122879281488 1.2426298287346114 0.8219749029102225 1.3119984168575105
57 399 0 0 0 1.1735025928384233 1.243374696051738 1.9491429381591152 0.8296428623370806 1.1847582729433777 1.6646841897552325 1.2965953364860499 1.0936387255220175 1.2250420823984955 0.8931415399183316 1.3015560418772567
58 406 0 0 0 1.1734604764970595 1.2400869616517556 1.9753185758907241 0.834660958952031 1.2276956387703963 1.7220801568180912 1.2524772830191733 1.0558232658357538 1.231671957713199 0.8710573988930348 1.3292901313769647
59 413 0 0 0 1.1732168932724862 1.255783695949891 1.9556034132187956 0.8532832755775469 1.2217238785958444 1.7049806181579403 1.2170383366958106 0.9750531496525898 1.227417320248597 0.8976677351829073 1.3639126759802211
60 420 0 0 0 1.166077303422662 1.2541705245150394 1.935728569242799 0.8720505328141007 1.2260824606272922 1.7239312501669768 1.2572664826877928 1.0440678512113262 1.2272941373155182 0.9351914399776088 1.384484641881753
61 427 0 0 0 1.0995859264571837 1.1999392685685135 1.956307228984667 0.8612656352189867 1.2709884691187514 1.7466622870559425 1.2036499144233168 1.0359611190484128 1.1977799495182955 0.9471863510724818 1.3963358053772992
62 434 0 0 0 1.051943748242882 1.2007021952909098 1.98120884163685 0.831594852036412 1.2730350201477534 1.77685587451719 1.1964636316290744 1.0443014180778043 1.1826145487849269 0.9462071839379872 1.4391313359529792
63 441 0 0 0 1.0630376870991967 1.206199979468546 1.9972544645186556 0.7841436063449592 1.3047267269108918 1.8086040658849105 1.1771920836666228 1.0567292228224603 1.1958546095308813 0.9377163167064465 1.4808442956753525
64 448 0 0 0 1.087888164204306 1.1710220567695346 2.052993115247666 0.7633253961889725 1.3284828698461957 1.8494614892586898 1.1732643729546959 1.1198608579622362 1.167844228909427 0.9439112441731726 1.4939548316054483
65 455 0 0 0 1.0895132082534595 1.1438199077519655 2.0523952221303583 0.7079208089841726 1.3080655232202496 1.8851670551330912 1.1923884165102479 1.147086351749427 1.1235285849581815 0.9690242539267149 1.4990477388529382
66 462 0 0 0 1.1090045914378908 1.1506070249420075 2.0999349939327314 0.675242246788219 1.3521010863863123 1.9289520982763335 1.1572965627063454 1.212110724365457 1.1304208807183185 0.9971182015464056 1.495736453124898
67 469 0 0 0 1.0715611135440306 1.1480298755446374 2.0806172331217243 0.7271582842597766 1.4176258219064786 1.9100450811213776 1.1496864129680802 1.208883288352313 1.092956010390522 1.0490153259296149 1.4823335349219942
68 476 0 0 0 1.0510846893146744 1.1355523127205558 2.060911933843715 0.757919156900171 1.4411644247450373 1.9023010302753178 1.1744576946548164 1.1488392058564598 1.12873165673375 1.0996248419228927 1.4923250942964768
69 483 0 0 0 1.1222704564502797 1.1854602889859311 2.0112768725581365 0.7468830282728098 1.413526792539476 1.9020121633694709 1.1951077492359623 1.1743675031663152 1.1184763079672049 1.0909900051294823 1.4797398171920386
70 490 0 0 0 1.1436201728655762 1.1697841392969466 2.0286557414919395 0.6672143303832805 1.4254742434828855 1.9489209535680585 1.1709694867171259 1.181234636838409 1.080247674462496 1.091463286716143 1.4904341085581208
71 497 0 0 0 1.1599225616818496 1.11742920968152 2.066445247687053 0.6409593017184064 1.4590277197868167 1.9534306699524362 1.1390347724614316 1.1598995575283515 1.0879873464651555 1.1178549221195586 1.521736292052093
72 504 0 0 0 1.1741291449400906 1.1240194674571273 2.108323518593399 0.584924306160224 1.4999577874277943 1.9590191714536151 1.1017258018523939 1.1722672440121942 1.0752000114533111 1.1195329489745607 1.5194690627282001
73 511 0 0 0 1.1881645363474234 1.1038623923648847 2.1208049805598725 0.5732431117329138 1.505827187558567 1.9650014081956613 1.1204121852962325 1.237901569698778 1.029589378585284 1.0886558760072953 1.4914088762843047
74 518 0 0 0 1.2228835980529476 1.0769938459643948 2.157649438401803 0.5838210352274221 1.5448094529435363 1.9404041224072839 1.0991014603997837 1.238329899965996 0.985284157009379 1.0739319177664275 1.5016035898678488
75 525 0 0 0 1.2480045381285507 1.0625514088059784 2.2503851035188056 0.5709034080902775 1.60428157241001 1.9916330248551808 1.1028878667250628 1.3432367545116566 1.0143469289277662 1.0500822550000257 1.4823171975667229
76 532 0 0 0 1.2881470042113377 1.0267085094979784 2.373657828381676 0.5299918961829427 1.6526969816165746 2.050825097615152 1.103159397416777 1.4172102695040987 1.0643661012675918 0.9949322729623559 1.4577543404386148
77 539 0 0 0 1.275114866518771 1.0435225121780016 2.4152948225334674 0.5008235898161568 1.6267263754251529 2.10386550237618 1.1498800466299737 1.4660859168559022 1.0793258330294697 0.9855052427993851 1.4709995761323467
78 546 0 0 0 1.3020240207392018 1.0034750752764021 2.4385627725713075 0.4515499989592643 1.6155359449037185 2.2190129251773785 1.0835044764834185 1.4531078112603262 0.9976269937394966 0.9832154775971816 1.4875369534959937
79 553 0 0 0 1.2916191711118867 0.9643887932186507 2.512016139331119 0.4316519911928821 1.7073243345427866 2.2107417545756283 1.0814459397005969 1.5986923815838 0.9765154599044403 0.9333790009081516 1.4108285909583953
80 560 0 0 0 1.2731467551440874 0.8949451068980536 2.604699303998236 0.3391691250199494 1.7586228511248143 2.2686803080039963 1.060669001252706 1.5762856405238106 0.9390040275602085 0.9329369057592181 1.4176248954706108
81 567 0 0 0 1.1919864376813263 0.848686928188547 2.6669362976044266 0.335281665173394 1.7559083625625713 2.395173350173259 1.011442355911899 1.7604077785870211 0.8855579320692661 0.8307832833860833 1.3783558956377129
82 574 0 0 0 1.1623032278765835 0.8696942696962843 2.6142159151343263 0.2652698084171104 1.6795407544261938 2.373204027579219 1.0729549236692548 1.8354622054936838 0.8249360462837515 0.8655611422781222 1.45292563210584
83 581 0 0 0 1.1903375573923907 0.8454577437124953 2.5413851664674754 0.2503038159275482 1.7785732785160215 2.436698579459632 1.014797042962617 1.9972942991320974 0.7495309169646239 0.910538758408171 1.4266047154811345
84 588 0 0 0 1.1408990467186382 0.7708354719515046 2.5747134726070784 0.17208177588435047 1.9157233363652375 2.388761600017071 1.034571367885234 2.114686227016938 0.7314054388193221 0.889852164773812 1.4406084335833
85 595 0 0 0 1.1463971973580567 0.817654999731837 2.546493050378913 0.06704124174681969 1.8220710701965996 2.495872202232137 1.0190184606055566 2.1389209781822727 0.6410644416572259 0.9907811026935651 1.4226825089625101
86 602 0 0 0 1.0786097045464895 0.7367889306939257 2.5046568530211624 0.021997770793374657 1.8146378037123516 2.410122471601503 1.109529417266031 2.1098831280508046 0.6052899412220356 1.0792863264637895 1.463847424692562
87 609 0 0 0 1.0522635093161752 0.7520329077385043 2.4968420977775367 -0.042741947398201405 1.7779603394169499 2.495203821362963 1.1596430931863673 2.1366276903082078 0.47782830117773256 1.1686618772353614 1.4428671089699816
88 616 0 0 0 1.0848732798640017 0.6970595993992769 2.5816837140617968 -0.032192532327094125 1.9200641934794258 2.4047852169212875 1.1575053588241233 2.022777348650701 0.4522075865682556 1.2050888846487344 1.4754593894865284
89 623 0 0 0 1.1245312418203497 0.7459083578815386 2.478446388918719 -0.1163551348214889 1.8675047133082057 2.486644030406017 1.213904972336668 2.065115264437937 0.4242521440971866 1.2897688218693808 1.5188391483219923
90 630 0 0 0 1.1682042182415358 0.793057851043882 2.383910193873798 -0.19873475197540139 1.8112871359560294 2.566342258542644 1.2768572550234296 2.102921137563201 0.4022936921225345 1.3677332974461427 1.5571066027920508
91 637 0 0 0 1.1562710143230128 0.7694504382770734 2.525376202662737 -0.0736852481666525 2.0049468475919796 2.7682695742253296 1.2704117075247425 2.072444003188437 0.34181191543225314 1.4485826072956367 1.6502655803663244
92 644 0 0 0 1.1847285478531127 0.7043419440701637 2.5171771460401047 -0.12969777966901724 2.1462064875227016 2.775993738705551 1.2046306595965346 2.0364106592507873 0.2623903166313603 1.4380638596396056 1.6629290637276257
93 651 0 0 0 1.2042846663271753 0.7655933174502113 2.4751894126293417 -0.22615663647167805 2.088783571435097 2.7841749133528007 1.2937905582594362 1.9852188204527972 0.27208414469956366 1.511941063891061 1.676468433518723
94 658 0 0 0 1.208882612029736 0.7327114371463183 2.432232847299533 -0.3221138701911098 2.133285614097357 2.798720626763603 1.2018440733483509 2.0194982415915894 0.21448601697340547 1.4354035882890028 1.6298885776442078
95 665 0 0 0 1.2021140405303932 0.7200141852026636 2.456666297312748 -0.41380538245114495 2.1169473403984 2.7130619022204954 1.1729769054117014 2.032197608450994 0.1321981238971255 1.3951021415350682 1.5480284574372434
96 672 0 0 0 1.1756999002151776 0.6523611106487192 2.4278429147301175 -0.46473767240881586 2.23905381272573 2.6098963398179498 1.1166870874876058 2.0338810430311427 -0.004448287795558309 1.3913394751079817 1.561324125026197
97 679 0 0 0 1.2396264648653963 0.6425783066321461 2.4832289872052535 -0.4985945952381062 2.324281535833424 2.5146266858398465 1.16681756780522 1.791535123104714 0.02784498040991068 1.4163139813620558 1.6897734279915066
98 686 0 0 0 1.2436155474021935 0.7242718230464495 2.4708171021529997 -0.5825021659150565 2.2538841281877278 2.4847535479854246 1.3063968474941163 1.6800039681000154 0.06094492661521024 1.4580041231479977 1.8147170897506875
99 693 0 0 0 1.161333415989756 0.7481813190134202 2.5537332392074283 -0.642045739732758 2.2489422792350413 2.3675094549846802 1.3821138637894872 1.4260461833052203 0.09590178166821339 1.593214175733875 1.9314116141696074
100 700 0 0 0 1.0917518583564716 0.7293994094648242 2.4457262957998607 -0.71249848107068 2.3555959290642186 2.2161955795363304 1.4468288763159676 1.3468171543789282 -0.07518391688581127 1.6457988906866987 2.118436185954272
101 707 0 0 0 1.1215866287460363 0.7765203789397603 2.770364441084498 -0.6702659118034735 2.518081486636306 2.082378054796287 1.354351788721194 1.2639955877698184 0.012165087960796711 1.493957258973574 2.0334753944450457
102 714 0 0 0 1.4188310828501332 0.800162962263731 3.067148155409251 -0.5307349068717019 2.680116977823881 2.442418980810613 0.9029226131395847 1.5633864738958483 -0.28793011345355546 1.261935119219202 1.6164061548296749
103 721 0 0 0 1.264608481389819 0.887644775116292 3.1041782007456984 -0.7023059016709908 2.509703471698105 2.4162659091077883 1.0627651319554814 1.6797105023773258 0.04044927944390564 1.061913394387112 1.568143848050945
104 728 0 0 0 0.8927635337303864 0.691179205103876 3.2101012225065126 -0.7100258085296898 2.588129259855175 2.4252231755983136 0.8678707335209778 2.0220217737394313 -0.0787665550510886 1.006286031947454 1.381357182750556
105 735 0 0 0 0.83897907027883 0.5584816016707994 2.9747701222673126 -1.111789485050818 2.4677164965911653 2.402846814584751 0.9786572363588474 1.7254818820646278 -0.005538620250674392 0.8986704497412489 1.3231595012259159
106 742 0 0 0 0.7615506804630608 0.737944366289115 2.854661844764351 -1.4325603983585622 2.253381645867105 2.412570872203614 1.0477365524926734 1.966646818563059 0.008276603885213146 1.018191226381492 1.4257741973516878
107 749 0 0 0 0.5175830611792586 0.6575451936478501 2.7653466997196197 -1.707716452265731 2.250260134282815 2.231982729440629 1.1110617699856826 2.165085361707384 -0.20447544337615287 1.0597264580517718 1.4634043903909544
108 756 0 0 0 0.5194626367899573 0.7891250120813257 2.8272764790807505 -1.8296675437489047 2.2871385595230582 2.2589271248247367 1.0856433563212078 2.063437621518287 -0.23102211338670017 1.2058247501680657 1.7406753424589494
109 763 0 0 0 0.5677781689057283 0.8577728364779175 2.954738560070555 -1.9311733406833334 2.2310728528408816 2.338346058189147 1.146955585220875 1.960524907302422 -0.24305701381693387 1.4869546673604987 1.8510759002963622
110 770 0 0 0 0.716100306442427 0.9270034411294092 3.029558703010581 -2.2141679633664135 2.323373972220051 2.4746277181232514 1.0377850934447281 2.1891668699487448 -0.3965418370423093 1.568105665082208 1.575850570163941
111 777 0 0 0 0.6501251590663933 1.1031790488432824 3.124619847619936 -2.380871681877053 2.2426336153831525 2.5389186426625834 1.182974561386661 2.1924287076476623 -0.42920591550553533 1.836045433657472 1.6582261133139495
112 784 0 0 0 0.6233419472547942 1.0517874181314186 3.1102426677261605 -2.5313716481641895 2.2338482841332348 2.5573704389261187 1.3620310705678622 2.1687501861583334 -0.5567654649762972 2.1383880469538377 1.82761416904339
113 791 0 0 0 0.4444069945100244 0.9970497388976471 2.9979506439473838 -2.6893341503689845 2.224668009786262 2.482983972877546 1.2670834270356872 2.5555152236087944 -0.41258625514374286 1.9748857508180648 1.6015807601926195
114 798 0 0 0 0.5877585580180322 0.9096309465168905 2.7901603897487934 -2.838327571455191 2.207894719600459 2.502892581979491 1.4166012818682874 2.360342618842323 -0.40912197241123605 2.089801103474449 1.8863457150046408
115 805 0 0 0 0.39404915252878964 0.8357042914663111 2.636080460121874 -3.0358074900286884 2.190103568239062 2.4180587423869615 1.3181770536762376 2.6812762733381827 -0.28638254403754465 1.9640753664690473 1.71185088893208
116 812 0 0 0 0.5882387159998934 0.7865953397051727 2.6253338105518655 -3.1220961866536663 2.252004143871744 2.4880657167909073 1.2332868163020079 2.9397071290919077 -0.3506355356093919 1.7768716854640005 1.5909485597116975
117 819 0 0 0 0.6065841707290671 0.8890139851024536 2.599775285169453 -3.221770496942096 2.2858180702864956 2.593288157284642 1.2169481174543793 2.844300940231662 -0.36867970488866164 1.8552113911030306 1.8688605554607163
118 826 0 0 0 0.7093127002954949 0.9292452881083242 2.618684318114459 -3.305445971029708 2.5424966326271448 2.6849543651101486 1.4339059544337698 2.9663006964430076 -0.5855289751703723 2.164432031559546 2.0399634268027387
119 833 0 0 0 0.8102733554306717 1.0594377958195982 2.6941890585872557 -3.5516850935636994 2.5374534954121337 2.7452359631770675 1.41494670414504 2.7397955873958577 -0.6953916760735807 2.5143215294872916 2.146087543590108
120 840 0 0 0 0.7084318331710647 0.9721360839859984 2.6020347124950964 -3.9729895009040757 2.4440953515076247 2.815882792780825 1.3330611078325278 2.640287506699265 -0.9037063811628826 2.583932318869313 2.103294763023904
121 847 0 0 0 0.5896138582560797 0.8916338090450979 2.5067913269525723 -4.180596036085335 2.463772438121909 2.7462533699228984 1.2065745319497947 2.9130247787612227 -0.8392047461593721 2.4897693395106137 1.9468684713627349
122 854 0 0 0 0.39900920706014564 0.874934180988512 2.4692651827708842 -4.323373271214212 2.2679707593675036 2.6488731612717777 1.2528348773416487 3.018274262117253 -0.8047206132037042 2.3406176917974006 1.7526543539489836
123 861 0 0 0 0.49250935529035084 0.9051159170845325 2.538916296873631 -4.564089939400956 2.4840854427629795 2.7428935005188464 1.1857432034933195 3.193529932020443 -1.0482517853684925 2.68657205698392 1.7514941589864277
124 868 0 0 0 0.5098014647850361 0.9945286618913171 2.4701839049031284 -4.863414160537625 2.440061515686379 2.8812868414993043 1.134289727902655 3.290140153479098 -1.0991456398165822 2.9129888371619286 1.7066135318144458
125 875 0 0 0 0.5161309272190011 0.8956021960715025 2.76997770352651 -4.6592545377961745 2.5152040708428927 2.960220277490856 1.1795230893449273 3.215701071013625 -1.0029356043345694 2.6719833993087163 1.65847125099666
126 882 0 0 0 0.40053496131478794 0.8999709567918165 2.6641448514093238 -4.9628418136757055 2.5085877813125377 2.8689828079707644 1.2221968022815175 3.142060006130982 -0.9873568916373009 2.9120145116202414 1.7548712917416338
127 889 0 0 0 0.3874607027105845 0.8450313842445504 2.7098049015225087 -5.14194627317883 2.420176748743572 2.924787413285872 1.1472487157376168 3.3352595612389737 -0.9917180461176561 2.6856176628737556 1.5195100559960886
128 896 0 0 0 0.4655641115924979 0.9219322410696398 2.7184566427831878 -5.111935562192849 2.5231819488868443 2.9498957329408175 0.9234655782203055 3.4350503956037954 -1.0621898267702414 2.55370040087114 1.4069506247647212
129 903 0 0 0 0.44708919990392015 0.913884583424575 2.5228700047857995 -5.4066108648400775 2.503152457743764 2.9142760668398693 0.9228920834100911 3.4247644157163366 -1.0468367590346594 2.746948346507466 1.4827680653262374
130 910 0 0 0 0.5724190681311482 0.9005196911944302 2.5612512117264905 -5.572582540309097 2.464107435562929 3.0808742473850588 0.9043940649923274 3.52270655176674 -1.0834531677690358 2.776623064871024 1.3052710221802182
131 917 0 0 0 0.5298019233062861 0.8276731802330193 2.4588155964614504 -5.7499005927619065 2.454414487793359 3.039232147581226 0.7651424528933861 3.7674149051618397 -1.0369243712156626 2.6674320401271263 1.1577553359327577
132 924 0 0 0 0.4889513124276366 1.0030334165294137 2.287050709784863 -5.6498055048925115 2.2623065098072943 2.8758909558572774 0.7595196894512016 3.608089603547969 -1.0038263794327802 2.745808363026123 1.0990949726664228
133 931 0 0 0 0.35532509950236785 0.9101200739821609 2.1097361057309962 -5.774771257713223 2.2011738633605056 2.9657354340743076 0.8247838382525491 3.4486889875313915 -1.174541959668454 2.895397075057147 1.1953126719715985
134 938 0 0 0 0.45785468351608793 0.8775674052175951 2.240303024715887 -5.729109545548026 2.240571324372435 2.756108177568061 0.7152793498966106 3.5532646382416297 -1.1654133749796198 2.7908300952693215 1.1195271173623476
135 945 0 0 0 0.7435365815657696 0.9937335761738305 2.4250455579181365 -5.640119093346637 2.419851807282783 2.610577896551138 0.8923108320699291 3.274601402661036 -0.8429160144349384 2.8877415591289113 1.4301477701210594
136 952 0 0 0 0.5881438245073716 0.9046603580681553 2.2861179608636664 -5.688942890084391 2.34795062072988 2.616270562760528 0.9717894141753952 3.0317934079435465 -0.9560582307142044 3.0098854082147164 1.4634484867337667
137 959 0 0 0 0.5798402678008565 0.8811820028529698 2.137381424983017 -5.7698596585376904 2.3673468860878786 2.4229552932984513 0.9313077645490833 2.920014478294369 -0.9415290822674665 3.1633140110774165 1.5705564598879698
138 966 0 0 0 0.6812058809051238 0.8558905353820044 2.1993694881251526 -5.715007314706213 2.3745512200569614 2.220738046796129 0.7965690616446565 2.9717326438206992 -0.9355568502397643 3.087318862607927 1.4435705692696372
139 973 0 0 0 0.9222593388476681 0.89599754368148 2.463156259866267 -5.4968396840620874 2.433620190864433 2.2149157077120125 0.9094256128094842 2.465047667937596 -0.8402168501623838 3.1923323839530404 1.572797694906925
140 980 0 0 0 0.866501778557003 0.9555869882810794 2.3341927772447653 -5.464567671533699 2.499321758041204 2.2462036752933665 0.9882614995367789 2.475429939683611 -0.8886073471549002 3.293550589899718 1.723649908021343
141 987 0 0 0 0.7982854421422877 0.9217729228414685 2.2216336081582586 -5.434202794823071 2.5155392252112416 1.9058066415752197 0.9923701626752462 2.3214421151491886 -0.8444215661714475 3.2577866239802056 1.6433242349348092
142 994 0 0 0 0.9044767102814861 0.8908371511828233 1.9694144601246852 -5.339347209011406 2.4838689406034304 1.8855522083854552 1.030751681219337 2.0998284651046237 -0.693324265234852 3.24376830857181 1.5222438886763967
143 1001 0 0 0 0.9937836086248574 0.8799812949429877 2.052096260808487 -5.319017125423469 2.5979579495696115 1.9101962355504114 1.0875377523548992 2.0326410534767083 -0.9411760383456782 3.5227509553122496 1.625911286637559
144 1008 0 0 0 0.8974364971543702 0.8417587151988324 1.8094325022350919 -5.371445803690882 2.4716177919212563 1.7276002404072885 1.0561609255325068 1.9739615191041024 -0.899204410911236 3.5441541950112754 1.497186146204841
145 1015 0 0 0 0.7090035542756448 0.8021301778952123 1.7229521868457658 -5.345622640819643 2.3995544548755947 1.6005248884633503 1.071961670403719 1.9378629680287214 -0.8716873767513372 3.5333434503388848 1.6664604361434163
146 1022 0 0 0 0.5991848486772307 0.7919377933217808 1.7560129222471212 -5.2344424495564965 2.2636198920147623 1.5267814598069491 1.0702626988929052 1.982469865578199 -0.8618860842992743 3.4383748290524307 1.585694154022753
147 1029 0 0 0 0.5182226615196476 0.8097963372885565 1.6813976272077098 -5.133019967095701 2.2581472340652153 1.5534728637684476 1.0195756653400039 2.0627099678802026 -0.8657794767406807 3.3295734814366336 1.5843961928658805
148 1036 0 0 0 0.3710212357718833 0.7266284248604417 1.7248155604961335 -5.021572936583532 2.253654052196127 1.3858443133203513 0.9231086925605442 1.9050115656018554 -0.8127254098743826 3.311101966367745 1.575871228826042
149 1043 0 0 0 0.42855946167710307 0.7960060755964579 1.8410462422981386 -4.888049607219498 2.196730808611957 1.4484513496398688 0.8224295143110598 1.9365325997435197 -0.8743942619890199 3.291500254225799 1.492077983159662
150 1050 0 0 0 0.46126169940254996 0.7925406103672376 1.8823028997134026 -4.953767065482799 2.3166750220535444 1.4845355123560446 0.7711438155094582 1.9785177332092674 -0.8245954647733371 3.1840036158183445 1.4411335462205321
151 1057 0 0 0 0.5383536296650651 0.8132406326160821 1.8715408967168616 -5.089395964664854 2.2563388702130793 1.5968757965651557 0.6727984764727082 2.0499823147878318 -0.7968867778116604 3.155953050278848 1.4140313932326032
152 1064 0 0 0 0.4497741078764782 0.801574316846249 1.7854234518015886 -5.170009716293469 2.1574424139699184 1.7398374370566194 0.6763587105296253 2.155136064388564 -0.7359232290058442 3.1632272043318292 1.3914038710806778
153 1071 0 0 0 0.35183771700211997 0.8131288956748687 1.692551113809278 -5.195324125237717 2.0216042504570853 1.8523139956787518 0.6636781233631304 2.272447656901865 -0.7680047667190408 3.144632341205359 1.3742413435382455
154 1078 0 0 0 0.3581670532695838 0.8332316517199287 1.6049207614588175 -5.373217694306127 1.943678059243844 2.000023510514789 0.5699818746343271 2.3777144998282282 -0.8526016696285776 3.126306147581578 1.335295453070885
155 1085 0 0 0 0.34588932369387027 0.8340168215730587 1.619823061945935 -5.419566231746195 1.930856785710777 2.1046209235110878 0.5420166202535036 2.5311379607353572 -0.8429944455819203 3.01838960672218 1.1495051396360294
156 1092 0 0 0 0.20986642574162107 0.8269732937534626 1.4533116219602178 -5.469241541351043 1.8113206907555675 2.0731220821995433 0.5251172428449233 2.369840938645786 -0.8270236209367461 3.1056539440566966 1.1514270484241766
157 1099 0 0 0 0.11314958964204168 0.8453960819061375 1.4015547114143958 -5.354418485792818 1.6934538912275414 1.832254075027568 0.5633173174318813 2.3563397417111682 -0.6919247577978493 3.020097289583699 1.0583091299124385
158 1106 0 0 0 0.004554472524336425 0.8601359463016665 1.2121089857663618 -5.267488773203917 1.5339198389441644 1.8257049489754242 0.55654975884084 2.4185870991430916 -0.601546414588137 2.935638810438967 1.126292957845435
159 1113 0 0 0 -0.07649693074046342 0.8419852597405554 1.0369404683423664 -5.262308183969672 1.5211016909976212 1.737327516361517 0.4900224390718882 2.3761331355687405 -0.48680534080640403 2.9205926845561985 1.053264733917237
160 1120 0 0 0 -0.0524575966280626 0.8093366676669369 1.1440745162359678 -5.259891453039621 1.585122700798005 1.829239246290725 0.4485131257415341 2.5080783234324486 -0.38825318328145986 2.8046493229724985 0.9812535505787033
161 1127 0 0 0 0.008990863457701066 0.7419607420332347 1.2172667006907425 -5.302097234901877 1.6799599834604688 1.8098068782724934 0.4687525501032392 2.186666126187524 -0.333775470650257 2.8941799272732522 1.1362056007094758
162 1134 0 0 0 -0.037143126017223825 0.7996196773917841 1.2526461488751715 -5.159481764125324 1.723434601143789 1.8765836212482598 0.46413900739616 2.2998473331523726 -0.36024630127008894 2.853018936572422 1.1734501380937088
163 1141 0 0 0 0.06976985733719904 0.7570413330848211 1.2994028523113463 -5.036587514726087 1.8163403369244022 1.9170444894153467 0.3915136914581693 2.3568498885800135 -0.38099007710354754 2.78915628599351 1.1310420111329293
164 1148 0 0 0 0.022278628995301024 0.7871947746815484 1.3206516418650973 -4.896911687917358 1.8339519471040278 1.949568578294877 0.3645481941338986 2.409191268996065 -0.3325913972361087 2.6951003289622517 1.1232416648681902
165 1155 0 0 0 -0.1387538632209221 0.7944512828512656 1.319556414753912 -4.8285731208918845 1.6803087404855428 1.8868620949258055 0.4140513097142107 2.4584137301001827 -0.23637173529156733 2.6519183143714766 1.1359961279919302
166 1162 0 0 0 -0.1000128964867044 0.7302350388676129 1.5973758105233824 -4.791220638579707 1.7564046836428593 1.8956114475447547 0.3274808683123193 2.5158265675349627 -0.1969109493101965 2.4664168726770352 1.0459032453269446
167 1169 0 0 0 -0.1344598325948596 0.7168225996646885 1.7461759602251063 -4.711801341553993 1.8584857896704272 1.9095154556823546 0.24548641806860302 2.6626058430952195 -0.28914036117791786 2.355410233298297 0.9330415662251313
168 1176 0 0 0 -0.1378543669751375 0.6785671883753666 1.6810716379131803 -4.652361169080366 1.8886674702463035 1.852782474964906 0.16754361832712533 2.661605075590536 -0.19965919419770295 2.247254162433778 0.853355286414287
169 1183 0 0 0 -0.20759657309925908 0.6766538013149204 1.5364428048749708 -4.595774488852068 1.7689557490104595 1.83478416012661 0.25495806778503066 2.6785929032986004 -0.08968596425944834 2.2388782322023095 0.8751083180499559
170 1190 0 0 0 -0.27153285449048503 0.7215258492868807 1.4488433970710888 -4.574189347244622 1.6515055543363877 1.821768273905585 0.3359378113542645 2.6637478596376734 -0.010612867142422225 2.213872807584595 0.8666781755201569
171 1197 0 0 0 -0.38114734287028146 0.7025298436669786 1.3917209000483857 -4.500449894164887 1.5822870911431022 1.8753368481561046 0.33961878962971465 2.7961970098886395 -0.050584251414539164 2.1522549701568616 0.8905905796148403
172 1204 0 0 0 -0.45984147641105005 0.6194573330153118 1.4772667485739321 -4.635629567075114 1.6054015173871268 1.9289158965657247 0.22841370327372007 2.9610516863662966 -0.0015578550497302446 2.072410362931256 0.7777027411553599
173 1211 0 0 0 -0.5104688040028327 0.634419404388197 1.3465510877578275 -4.548293091953125 1.5047824906033147 1.896532584912795 0.27065747295843995 3.0166637248979464 0.06829146331066624 2.0553839693433584 0.8281082899166579
174 1218 0 0 0 -0.5632270466782491 0.661889839250524 1.2180437504378425 -4.519044408661287 1.4837787094233894 1.8960026545744184 0.29179573090022715 3.030519519560156 0.08356120541148927 2.0721742202282307 0.849676177711877
175 1225 0 0 0 -0.5398686541327182 0.6727458709555469 1.094763621018833 -4.53168083514529 1.5311567627462739 1.838951341356669 0.2554561069849733 2.9703416522281616 0.05937808720981669 2.0522377529945377 0.8253043290413029
176 1232 0 0 0 -0.48336182738328626 0.7144129841954473 1.0245975397675426 -4.527281469678909 1.5150285302650282 1.7249004864367812 0.2350240163864453 2.875777428043595 0.03277285967593044 2.036354536428959 0.7023785081577555
177 1239 0 0 0 -0.5805259442189806 0.7234800893428986 0.9401623741806132 -4.492990083986927 1.5265407820022487 1.6688395442131183 0.2584708448005171 2.8923951235385945 0.018151350247670367 2.0487727401216507 0.7510785649944985
178 1246 0 0 0 -0.556278437950606 0.7445180107888087 0.8098597471442853 -4.502906804924835 1.5764553707006765 1.606873344861906 0.22622258658947578 2.821943407059049 -0.02577864426658351 2.019920978236542 0.7293026152801914
179 1253 0 0 0 -0.7035595566601347 0.7110987549815931 0.6232992004880832 -4.521207481776917 1.4903264798603082 1.673719637482903 0.19224680244715592 2.846980780059568 -0.04848769192216147 1.9422671817735577 0.68669091880257
180 1260 0 0 0 -0.8655726460980363 0.7100930674919511 0.46548975450315516 -4.5108418858997394 1.4521773865853609 1.734035624813458 0.2694025900431112 2.9264756808533634 -0.05606009247063229 2.0025180262416953 0.802879610625676
181 1267 0 0 0 -1.0616342257069395 0.6653765702377242 0.3083045261784788 -4.564301480606473 1.3256840429497048 1.8293231950308078 0.30376706759020394 2.9678334852661843 -0.05486712453915389 2.061118640930465 0.8691373086800819
182 1274 0 0 0 -1.2214929814152082 0.6468200323967229 0.15938187376110668 -4.657165534058881 1.2887082443858529 1.9324378702422151 0.36026698736230817 3.066808793838778 -0.05162950002499943 2.1423720978370433 1.0194781883521338
183 1281 0 0 0 -1.2185247627723088 0.6453615547829065 0.04509556753544705 -4.5758468721564345 1.318932883752683 1.6468012248937227 0.1835938803337019 3.1419107230496324 -0.010915598121416195 1.8486727956137938 0.7840348287429286
184 1288 0 0 0 -1.3506543936261988 0.5844598826644676 -0.03447544030104549 -4.693992724009334 1.3273824176401405 1.673642999368032 0.27670824371851693 3.1102946210801417 -0.09785514466995898 2.095491934525298 0.9540730065415597
185 1295 0 0 0 -1.4535293648691647 0.5807327979601598 -0.13389250799279254 -4.812998528100549 1.3003273984631127 1.8048119381996863 0.3704176547860824 3.277814086727857 -0.09322775362362484 2.0894180275504994 1.0482783078079834
186 1302 0 0 0 -1.4061888832289966 0.6106828453364803 -0.4238347653901029 -4.681261686047345 1.2321809214155512 1.6081808384466627 0.3683035175305834 3.1830230314222057 -0.002738096431523354 1.9576394789011133 1.1133993122489945
187 1309 0 0 0 -1.5191961876692477 0.6429379991733676 -0.4629743364408616 -4.518902793663023 1.1082527676337781 1.7321411746061908 0.3035284183226022 3.3387633933097978 0.08062518984631767 1.7126068183356857 0.9816868013113735
188 1316 0 0 0 -1.5597885970059044 0.6835522954552598 -0.6083448618117578 -4.679659752360412 1.0715947242578145 1.8121706597017977 0.42092188096239364 3.5081896699297923 0.06753595085151647 1.8676999416531144 1.098391765939323
189 1323 0 0 0 -1.5671142360758323 0.7521503641701691 -0.7491691079708268 -4.955351432470767 1.1246759637043915 1.8669613943601262 0.5106330164985801 3.7743477249692994 0.061757761622686674 1.8730095077878275 1.1828375224299903
190 1330 0 0 0 -1.5007160318388084 0.7771441909363561 -0.9187808159187281 -4.701195987405839 1.2466124659351017 1.4022282877258363 0.5965742161267229 3.4541133050313193 0.10560711712015043 1.8700949093189003 1.0899368938203815
191 1337 0 0 0 -1.3773114756375278 0.8091114726811548 -1.012129126863946 -4.7773132012039605 1.3922341821733735 1.2778613633105986 0.5607773251729011 3.2610118528429894 0.14148582779070437 1.926194883738948 1.195055172099117
192 1344 0 0 0 -1.3648568601911109 0.8353979062934862 -1.1563129196845574 -4.754712805601426 1.3957701492037167 1.3813880101232061 0.6873753048422109 3.140907339192214 0.16424035845190704 1.968288696774884 1.4492028873372027
193 1351 0 0 0 -1.4253383329871394 0.8528326846162055 -1.428917873120986 -4.5983109884527655 1.461612868374641 1.4043268729988472 0.7610839550529823 2.9472212819643286 0.17923327838578065 2.0631183076646145 1.6365008110760646
194 1358 0 0 0 -1.4517199301345038 0.9461070795611624 -1.5983976643650297 -4.546538064150392 1.5106467518238216 1.4905758973360024 0.8418299365392479 2.8732456183154844 0.21626246343439653 2.1481573138346386 1.9177713546296444
195 1365 0 0 0 -1.3962384524261273 0.9614405217213048 -1.7443576420497364 -4.568993821376827 1.5954940292506072 1.451054629869583 0.9500285823761647 2.6230394604263623 0.2729036504125388 2.396378182516036 2.0779214508657513
196 1372 0 0 0 -1.7297976533679424 0.9958655077027596 -1.9677599797126049 -4.4464872643146975 1.3990306346367274 1.4226809142347927 0.9903650163908321 2.9486814457305446 0.3530511724958396 2.1107852649293064 2.0143609035612746
197 1379 0 0 0 -1.8017929065769824 1.09055390617013 -2.1915531993615827 -4.456235592123118 1.3804224892056718 1.3254628690246255 1.052003261472962 3.2405906891497227 0.45076953558832206 1.8728669753188996 1.8292687945599888
198 1386 0 0 0 -1.8674180503007973 0.9728026767360818 -2.32675309345899 -4.88665340869029 1.64135259992361 1.365039940810225 0.9515109873851049 3.2122659814762815 0.23317741691465194 2.178989804756262 1.853777097675654
199 1393 0 0 0 -1.954433547914995 1.0559829571807207 -2.529294640024369 -4.889673006968724 1.5393330431325003 1.689476734238246 1.004803354411167 3.418781941446992 0.34273529944326286 2.266183582428627 2.0242980783347786
200 1400 0 0 0 -1.954714507077412 1.2082950305722584 -2.7035490187289115 -5.084203961908807 1.5497874979040343 2.028057178091763 0.9732528138449992 3.6564392872680953 0.2615688312805856 2.3686151713754398 1.9211719795144644
