% # columns="iter, evals, sigma, 0, fitness, xbest" seed=10, Fri Dec  7 18:08:51 2018, <python>{}</python>
1 7 0.1924298395385533 0 316425.4554419782 0.9047715970145326 1.2616958056963816 1.039003010417829 1.0800430891396977 0.9324723048177793 1.2513001640534944 0.8536021069843939 1.1320505117856128 0.9298230698700548 0.8121056416173249 0.902128108001812
2 14 0.1866051428173157 0 578.1817092047288 0.8474723590606721 1.4221910630287857 1.277405215114227 1.2559331421875575 0.7677261084805205 1.1361783655307585 1.3406139796379803 0.9844523798812489 1.1805434559953492 0.7927636075677394 0.7800462347032602
3 21 0.18150844670699795 0 18989935.159004528 0.8679027744886424 1.4221788688887482 1.0867240368490796 0.8790244373898388 0.8355221395117063 1.3860730525990754 1.2430697101601202 1.109568118960447 1.0833914433945373 0.7492049113074725 0.7548279176441239
4 28 0.1833279178998679 0 2844.0257294296734 0.977540234323941 1.4658183823365034 1.406135258026584 0.535327071385677 0.8092712260328727 1.0708886248217118 1.373633902345409 1.207076115178146 1.2525192478113258 0.7899928114029462 0.9358006603820213
5 35 0.18172016528843166 0 88152.91320613929 1.0663396622804309 1.4875253397360624 1.5060429644476232 0.6829138476166783 0.9328818898646842 1.1706366355050215 1.2770813907140757 1.0664703834233602 1.314958207326022 0.6738043422832719 1.0808536959797788
6 42 0.1863128126809761 0 -21.37730951791495 0.7310461650200046 1.4771926483481665 1.2653472747311032 0.440489330048796 0.48845539030824187 1.176800218372456 1.1652982161360967 0.9802091985185194 1.415145755970921 0.4114671285134901 0.9638173895343531
7 49 0.1829942309466423 0 8284261870105.665 0.7620240747706719 1.4120056504804739 1.074834993521716 0.4737492041394804 0.70660068034234 1.3440073025452195 1.2600188504508305 1.0935931173726736 1.2399876327814736 0.3286099273216472 0.8589046143613849
8 56 0.17357490919485352 0 -61.78867935880021 1.0180685919835206 1.4829628942163395 1.0352304225441191 0.6863164289328341 0.6382926156471732 1.058826717229626 1.3020427515525184 1.1419281579020317 1.3532131500165197 0.42943693164417646 0.7680218026383316
9 63 0.17407584599966225 0 -166.19242752849868 0.9526126033567173 1.4911035992594013 1.2188141440413272 0.7029243755712618 0.5598826367600467 0.8613358207521474 0.9886559186167144 1.2122028371026632 1.48959925521969 0.3075156667683513 0.46630129598242986
10 70 0.1630622601328956 0 -590.8214896785197 0.6720259086546388 1.3150549776802936 1.262835612393334 0.8193129694228836 0.6967162613534245 1.038218413205026 1.160224063094611 1.2988723594692424 1.2616069907404366 0.3442477381708795 0.7482598287644
11 77 0.1555546871146046 0 -19.005402656849487 0.7335901461157078 1.1891599470598941 1.2187815937974147 0.8251367149940686 0.5621389373780094 1.1043607931869366 1.3008865851865687 1.0286385200035055 1.3738409186741292 0.4453733711280198 0.45207169383811974
12 84 0.14697591639918486 0 -354.7427300612353 0.6366875446940208 1.1248872215765662 1.319553729288528 0.7812662271325483 0.7119934117971528 1.1835837467781822 1.0194885691255293 0.8002247309601223 1.255965171754681 0.355029520399698 0.7017525701658771
13 91 0.13886954259725856 0 -277.19757818838394 0.513147847778315 1.083965338865106 1.2002263510823747 0.8639883333683649 0.6350488166890307 1.029374049782694 1.406110704557843 1.0569515832311307 1.425321712272146 0.45729911879522034 0.7176212090593728
14 98 0.13840414105399804 0 -363.59741990676673 0.3238098829813536 0.9471200797916534 1.242310306879838 0.7180306184831327 0.5788493671488851 1.0844040949217575 1.1191888695510703 0.8092750016893845 1.289675095704723 0.4071028259387986 0.961470379228583
15 105 0.13361501395549777 0 -174.19386996090225 0.4698848713702587 1.1356548336768364 1.3353224883500547 0.8178510716053641 0.551083144425505 1.0030446658999619 1.2202869355460961 0.7048291156675064 1.32573724797478 0.48795610154327285 0.8599091045897745
16 112 0.13069381503708113 0 -260.25730835226756 0.5132122874999925 1.2048936207869774 1.2080197892461602 0.6675089351385031 0.3724386011150457 1.468396441140484 0.9756168141177894 0.7608165593021867 1.001101566929953 0.3690308938978131 0.8558566568877276
17 119 0.11953473002618072 0 -377.6843911897257 0.6224888991584329 1.1404744322468852 1.3047505375817834 0.8491169091467528 0.5650721197936439 1.3787931046590653 1.2573642336497792 0.7471695995879193 1.2935804853773818 0.4580133992565631 0.7893337368039705
18 126 0.11530132129883947 0 -257.1566027519916 0.5706353347168749 1.0262012230885496 1.3685238232342631 0.584694605649096 0.8245425228086407 1.2489590206090446 1.2358621663183664 0.8037737596522782 1.319099767164781 0.45799427328746856 1.0746883653210861
19 133 0.10379002172417336 0 -388.231785392694 0.5027558621547119 1.0616036706628103 1.2983032123461038 0.646684736722042 0.6189331397671612 1.2263113046837453 1.2049569363490478 0.732870160544828 1.23000493281663 0.4426493921541139 0.8641891153257137
20 140 0.09755713575681262 0 -209.86696089565567 0.6047650580331351 0.9189862490091875 1.4093162263301378 0.5746050756509381 0.7062530139781596 1.2747647384384122 1.208272796779943 0.8081021735858726 1.4100794630576123 0.4479944110785742 0.8616856267060676
21 147 0.09142394138975138 0 -209.86696089565567 0.5726473076820877 1.0177151119722054 1.3273360173091562 0.47246244043422475 0.7010393798353003 1.100579030466341 1.26283377506021 0.7826321973514182 1.359897893721558 0.48056351673586034 0.79343579464357
22 154 0.08809072501472376 0 -346.72252914948876 0.592093668612872 1.0876400830036912 1.421525073586187 0.6249361456812319 0.7201585109523048 1.1641199381693565 1.2660813951410343 0.7244665083114981 1.4749307324622491 0.4719962083315335 0.8443716468701132
23 161 0.08805139581342489 0 -174.19386996090225 0.5744867809324399 1.1059834479421122 1.509110560774364 0.6261568522196874 0.7394030674365804 1.1869682232388634 1.0182869900381668 0.6992056825487986 1.4716701743870635 0.40512303971393776 0.7970799227578769
24 168 0.08606008959943658 0 -464.2754218217414 0.6747638269655158 1.0640672735646777 1.3960244183556163 0.6265436128974109 0.8257528153898974 1.1657141391187484 1.119984928901939 0.7032687188005318 1.5315454532013986 0.40467204532095985 0.8061491848155894
25 175 0.08533666740240739 0 -1151.3346405428697 0.6112666694342425 1.2654071161686353 1.4313509922437284 0.9358139572762145 0.8601134887639381 1.1666199701959106 1.1412046260447657 0.8350743380947547 1.4948880413872114 0.46368774310050737 0.8255484573210617
26 182 0.08232088922381427 0 -388.231785392694 0.6172163210244067 1.1799882310066419 1.519215199913992 0.7838886813500141 0.804076747619094 1.128244169270924 1.099311399282243 0.7185558370949693 1.4113676041972563 0.39777915767646627 0.8532347550559869
27 189 0.08226017449079397 0 -833.1749488050252 0.7739807332353404 1.151791473276979 1.5181629934011016 0.8747927077004994 0.8419655734114733 1.1398347838793346 1.2150463835458132 0.6730569899898099 1.2832940491543499 0.498602681904045 0.8433287643793461
28 196 0.08295003602770112 0 -1517.8100179324263 0.7912498217459146 1.2289429995949186 1.375969586319938 0.768150655128345 0.8361600358703413 1.1842994712228518 1.134051801466891 0.5418709233611043 1.2835286502495815 0.5349609376655748 0.8643331271769759
29 203 0.08590898272463549 0 -2032.9670327470694 0.9120011695648196 1.1470318950720735 1.5074583592195354 0.7328350723256036 0.9642919412119304 1.2257614365658402 1.050992813779106 0.6267801185080462 1.2564970058960243 0.5707003203988947 0.8526505464073154
30 210 0.08739982252746176 0 5812.118988829682 0.7770882504855641 1.3413946281947253 1.4711456359092194 0.7965392672902424 0.9164165018619477 1.224208316231144 1.1559258081327046 0.7002439969812349 1.4099007624462487 0.5698947279920933 0.8961125091657348
31 217 0.08554283374635177 0 -351.67051712554235 0.7924833429618525 1.3340990366740264 1.5551275962091493 0.7997248737429837 0.9574761896369877 1.346314871982012 1.1014912329251656 0.6943733167492134 1.5152979912861164 0.4937385233359165 0.9638341749618882
32 224 0.08194530783704466 0 -1311.353426908899 0.8901177154927443 1.2418628396531863 1.4966258843267852 0.8271714814494908 0.9495601424483028 1.260988050261127 1.1876098322625772 0.6554825617874072 1.428566469970142 0.5344370908542384 0.8036626928354509
33 231 0.08015099727279268 0 -1512.8886482007395 0.9773724570768463 1.1447224265559988 1.6199841726917636 0.8100567470094604 0.9688629768049218 1.2037497099805583 1.1396539728525925 0.6473555842329436 1.3965442237680283 0.4745601160773828 0.8687494153053984
34 238 0.07789289490160663 0 -1491.2550832110906 0.9600015470949639 1.2672769444960752 1.649328801729955 0.7759628770933151 0.9568264761705351 1.185037014293864 1.1947143998597374 0.7341840684293912 1.3578112423785773 0.6016497240881657 0.8747522843198055
35 245 0.0767398763520344 0 -1866.7820818768726 0.9965008894141437 1.2453977608055358 1.6367776066214674 0.7801324413401799 0.9316539806627614 1.233000534689416 1.0857877016033406 0.7544861691703164 1.3165733343163566 0.5693451233258809 0.9264465953374159
36 252 0.07923064809326644 0 -1831.1153890045894 1.0286819970879617 1.2442329453040002 1.6688131694001025 0.8254154346310926 0.9384595911205919 1.1957592610621963 1.046019373056992 0.7724013566090973 1.3511130548383008 0.5620945669592473 0.9765106907469026
37 259 0.07832930593636542 0 -1962.3250516143798 1.0635934195496062 1.2389380435564479 1.6452332653426718 0.7891175687766145 0.9806378549110146 1.3677134687698334 1.1164006094223429 0.794258085104444 1.3845721354591132 0.5668575597239507 0.9720522678277996
38 266 0.07493483738401002 0 -1782.5614678545799 1.0328125753064132 1.2966233119831063 1.6592552157248641 0.838158117495735 0.8944178681636583 1.3162867016758906 1.0222449192444985 0.7792356591106412 1.3109593987594794 0.551668078343052 0.8838611573004572
39 273 0.07502348248756976 0 -1922.4902875846515 1.049182228142297 1.2735139327598557 1.757643228200641 0.856821796745814 0.9028468486506391 1.2862497030233875 1.0311268230774187 0.8364767717838482 1.3120584470359007 0.5841267879646869 0.8898384212489104
40 280 0.07446937222859137 0 -1982.3970167768903 1.1087209575531518 1.294342914519458 1.786801534544555 0.7618862138611094 0.9194158012863847 1.3007734284568266 1.1291002895866193 0.8868436566331496 1.3153613997035911 0.6352617904077932 0.9669718617140931
41 287 0.07726661307478111 0 -2065.373716515892 1.156334067847662 1.377273416236948 1.6771117867806824 0.8421474517085313 0.8725109107737133 1.2864486138169884 1.1998508701895294 0.8602146687432626 1.2836810256226565 0.7491267275489559 0.9622508953389511
42 294 0.08041005917798383 0 -2134.891725744749 1.0210798067346973 1.3573455297474257 1.7342357162868764 0.8218018701005877 0.8872428461730558 1.333957723644295 1.2670151389775026 1.0974344806417502 1.3040424002977784 0.6615866807084918 1.0200855689893797
43 301 0.07982417441230966 0 -2169.4502612652973 1.0555911952236332 1.3274253898270798 1.737646982974392 0.8238095008815444 0.9276423196073295 1.3283572007702067 1.315527246965876 1.0955335655895797 1.2745616263459725 0.7138419671461427 1.0820028714020824
44 308 0.07887572393638914 0 -1870.674612644073 1.0348220396148209 1.3926427572753752 1.807957350394008 0.8977754384389638 0.8399470368743088 1.4872815842643548 1.2663301868020334 0.932658245465002 1.310241471838874 0.7045368178023894 1.0601919244509506
45 315 0.08125878578229646 0 -2196.5463889317716 1.0924664730901932 1.3657289447947287 1.8486930015843637 0.8321338715079655 0.9309136569155432 1.5016201078654003 1.1892949787791744 1.035768111483863 1.3379291513197253 0.6961365243692751 1.2246751000301597
46 322 0.07629637112539565 0 -2235.199283608323 0.9760630246570494 1.4705303439015998 1.7835197507056304 0.8821803619517898 0.8869664467756122 1.5932724369452886 1.184812099847488 0.9595532450757003 1.3407222988885872 0.6922184379556989 1.1188102963922442
47 329 0.07418253735861889 0 -2173.462959977857 1.092368635992658 1.3761839504354567 1.6960126616400026 0.8755263228886478 0.9059734973896287 1.5030229675389886 1.1984543737704252 0.9757565400590578 1.264782933319918 0.7755863864321473 1.2202893238656454
48 336 0.0721589302742945 0 -2529.0881069722273 1.108259830395229 1.3572127048192768 1.8542879799210965 0.8484022224401802 1.0009843220886383 1.5812954873780578 1.1970147489304792 0.9911522048089076 1.2392112741297887 0.7270308931433569 1.2661416420049991
49 343 0.07200133970778602 0 -2461.4412785195245 1.1006604964750972 1.3512390920354005 1.87837233353918 0.8331250162578628 0.9871084176773767 1.646190446411802 1.2147910543869136 0.9305340851894869 1.2462189468158265 0.7966909412969688 1.2332773531783392
50 350 0.07194096405124518 0 -2536.2159709832454 1.1631193147289536 1.3574507101369173 1.8252839745310807 0.9669667725770456 0.985985910406135 1.5984831681788194 1.3653283751554726 0.8991177243079672 1.1961617206788313 0.8373345227299391 1.33793258038874
51 357 0.07018868885139637 0 -2369.8782302874183 1.101560373758909 1.3912653557074117 1.8142365553363105 0.8133751476098512 0.9854355881219595 1.6477991483129037 1.3868756542077627 0.9327401641551502 1.2105697039581198 0.8943338137187387 1.3043795472017854
52 364 0.07005443804049424 0 -2629.999135800607 1.0542047192791024 1.3197420273904332 1.857926382788554 0.8193525261570902 1.0933435040775397 1.6720224650161384 1.3238837198357665 0.9207548718280893 1.221389250235512 0.9444767373604968 1.324482662418266
53 371 0.06897866499900977 0 -2547.558023856149 1.1538182338098373 1.327784468227942 1.8743718241732272 0.7400423404731155 1.121141778079958 1.5799470987710065 1.310898512534194 0.984417395287938 1.233241211142181 0.8639079709633127 1.436349957849607
54 378 0.06766452115946162 0 -2458.4128979691955 1.1380123877744854 1.290877514798559 1.8904471743182925 0.7113499393603171 1.0313456586364669 1.6858072761543572 1.3966530535310318 0.9969303031416947 1.1947071984943898 0.8765414431451568 1.3981876921785503
55 385 0.06603184781132934 0 -2507.955843592412 1.1216260175912605 1.3095554291895952 1.9232295440176705 0.807347811382781 1.0886488493861992 1.6728242783050034 1.2978496888700617 1.1303804702411326 1.2133813619191198 0.8186288556976231 1.3253551590609034
56 392 0.07081938827603992 0 -2875.003512431503 1.151702668936305 1.258887023482612 1.895066050798647 0.8395133900566735 1.139276284995935 1.671001119998282 1.2626068332475158 1.1715257023079857 1.2142551122811995 0.8062549242471554 1.2738325834620803
57 399 0.07186099795348959 0 -2648.5735492420054 1.1556911185029217 1.2402988308633858 1.9543363975213426 0.7877375335206191 1.1874207000810808 1.6606363555087298 1.266821662949197 1.0377626213053057 1.2174378365413947 0.9150666804629033 1.2776944741825562
58 406 0.0724189161555141 0 -2643.3473013394914 1.189067662305875 1.2374681172538504 1.9352082635606025 0.8387750141935169 1.2540086522884897 1.717388921502258 1.253413670827055 1.0612271040066097 1.2036860276885204 0.8535051312531483 1.3417281931529657
59 413 0.06990198032321024 0 -2676.305288172366 1.1687753291777812 1.2515605574846587 1.91991514420298 0.8375265810061905 1.2439575586261116 1.6739742834929143 1.1892620547594124 0.9682999749141004 1.1852653495701944 0.9217173581854438 1.3981008961220363
60 420 0.06626815182058693 0 -2792.0994358172074 1.1881931564278319 1.2694625246844886 1.902949711559787 0.9413998103583394 1.245656925257133 1.717252123269434 1.284818109354688 1.076685613094878 1.2359393468616904 0.9346468131102008 1.4206826589813633
61 427 0.06542009153809976 0 -2690.5854253415728 1.0754534124274446 1.179389817644487 1.9205105542381846 0.8629573697321001 1.2701460001830671 1.7572796318624395 1.1260150707409893 1.0396838441672023 1.184828868034728 0.9259949002958133 1.378223292970654
62 434 0.06486148136630894 0 -2908.3502408019117 1.0806057998006056 1.2021931109307138 1.9588380226027928 0.8268468448169407 1.2826104759726233 1.7744713913626675 1.1792339701789794 1.0485692416793464 1.1596734117023213 0.9114867810877066 1.4618102138809355
63 441 0.06566474592284838 0 -2722.2364975214577 1.045951480679513 1.2160597915996922 1.955409838795598 0.792307025177849 1.2997032028763718 1.8251194189281967 1.1764715709623172 1.0611321075837663 1.1752948821696227 0.9028433058773617 1.5009623760991078
64 448 0.06701928238354378 0 -2778.0191018918695 1.135292427932022 1.1305657348424116 1.9904490940999453 0.719695160053062 1.320586972209549 1.8401081369293064 1.1509868305427509 1.040813407977197 1.1531656791039355 0.9537712300093525 1.511338417582713
65 455 0.06799504138030596 0 -2763.718711769433 1.065304959823451 1.1351729792735252 1.969193520269468 0.7247981505095612 1.2750258670850028 1.8938609081875593 1.2506251011748402 1.1636161418984283 1.1133444208080254 0.9663803752829676 1.4774385357766953
66 462 0.07148150421120568 0 -2736.3152276833516 1.1457810059171976 1.1222794782427277 1.9954702619552753 0.5969873076394918 1.3466716779978765 1.9102265930438398 1.1258251030740543 1.1494777815402568 1.1127815403733161 1.0339576072047132 1.5098990299626969
67 469 0.07225791270037708 0 -2804.795079262063 1.0527929654611108 1.1447667102875456 1.9836514789369974 0.6946231884704436 1.3921812617552085 1.9129953577150818 1.1687713411121532 1.1642149092634917 1.0737808700843854 1.0977068001773485 1.46079284438508
68 476 0.07156947596114516 0 -2835.639570156225 1.0138440512315763 1.1138658787956912 1.9790341681360581 0.7615192520611953 1.4921801558405678 1.9118999121597657 1.1700199430287317 1.1537496722016902 1.1582246687258035 1.1144356747125443 1.4877272370344805
69 483 0.06808962196901008 0 -2938.176641046468 1.1742749949360323 1.2088671244762053 1.9327549720630643 0.7745740440108277 1.395994429068028 1.8652813386902276 1.1759817013860823 1.1965899894045384 1.0871971974630885 1.0779859412350707 1.477239848886984
70 490 0.06551956085359571 0 -2769.276899742841 1.1803736839799832 1.1630561888961002 1.9809974612049608 0.6324325705586795 1.4701625361977984 1.9402413806752983 1.1418979375147724 1.1458149043440382 1.0918065280560962 1.1042073556420806 1.4912081828461248
71 497 0.06424644854147436 0 -3008.878426867881 1.174143273746444 1.135428781747047 1.996088122571365 0.5737058945762068 1.4586213181285443 1.9371271486122157 1.104496059189123 1.1533493012880145 1.0936892812193273 1.1420692748913261 1.535185650718054
72 504 0.06547210970889344 0 -2985.711743483131 1.1734263005633416 1.1172237426645757 1.9997398056035995 0.5376398170948337 1.4884522632828308 1.9441621443020505 1.066833844466658 1.125929002742835 1.0462159077204338 1.1464171357446122 1.5487268270590873
73 511 0.06592484780672614 0 -2973.4414598213025 1.203024490943011 1.0955321221502983 1.9999999939496111 0.5993807925516205 1.5345505260753003 1.9200046835786033 1.1090490325313482 1.2558184914592065 1.0148948125922712 1.0684477060903663 1.4833990620739668
74 518 0.06902415783348541 0 -2927.4814360200153 1.2509835089724022 1.0799979064760001 1.9973224300450956 0.5593861167399599 1.535104934957123 1.9119494215083381 1.0872524128462373 1.2159036723792482 0.9605937558386306 1.0572515022132807 1.461099327184975
75 525 0.07421046191903512 0 -3219.113587744683 1.2541195953956108 1.0719814618330172 1.9608977381704702 0.6109983088129186 1.6563693081104909 1.9560642361897909 1.130005093485419 1.4178467009504203 1.0698213214227978 1.0059149419293616 1.4803539958944953
76 532 0.08620738510831304 0 -3353.030118905832 1.291730234087816 1.030318996275691 1.8327430152054494 0.5060910112079786 1.6455926374815888 1.9939565104839267 1.0464955389338355 1.4389167583060285 1.1169897435956586 0.9549792614556243 1.4452399064394763
77 539 0.09499306850599298 0 -3106.2628609241083 1.2791360759419792 1.0890942728627362 1.943041739889793 0.5001667656702095 1.5478893678627352 1.9982337693380439 1.1557274405735543 1.3979101860758265 1.0399702198008232 1.0445207728504022 1.4775903812760294
78 546 0.10330675301128929 0 -2954.0092619834627 1.331369267103841 0.959140076005347 1.831098133731888 0.4496736748231069 1.6272309704819914 1.9834069437946067 1.056704556903758 1.4300364894750346 0.9742004764570733 1.0042034215906994 1.4513761247156176
79 553 0.11275470974499213 0 -3415.6536238824647 1.3183557558138976 0.9468078440569285 1.8022246069126104 0.4169690295072133 1.6942901698324246 1.9998363066156453 1.144417432843476 1.540090898215304 0.9383115101727041 0.950307997037908 1.3633230742568352
80 560 0.12379007396121934 0 -3278.1559009059574 1.3443988604110457 0.8821219075763329 1.6277479170743339 0.3222289573095094 1.7427420580860353 1.9604507980492574 1.0189367347897627 1.4748759161841865 0.8893612267826174 0.9098855569494987 1.4487872129177395
81 567 0.13827364643030815 0 -3200.7558845146236 1.174346812240133 0.7854089850540301 1.549525739436575 0.4034317403221187 1.7841818480190974 1.8004552016799138 0.9169975866833702 1.8811521113135514 0.84028712637611 0.7262484273975311 1.2860878616512954
82 574 0.14274821629490322 0 -3279.4748644315678 1.1743924143149829 0.902399439014127 1.7355278416418438 0.2682547970594233 1.6430957636801773 1.9226293291663328 1.1311423205597697 1.8516803574171856 0.8498303904862979 0.9114794100370585 1.4937589211504185
83 581 0.14550167338402406 0 -3684.3421553556946 1.2067942697242866 0.8496394214494111 1.7546046232220316 0.28237094100022914 1.8003801809335345 1.8703979621578912 0.9861314285808155 1.9993283914508144 0.7181811526522052 0.9255992970830145 1.3870688340977806
84 588 0.1488125043211293 0 -3227.4122089805264 1.1425071517452994 0.7881372818287479 1.6331598645295993 0.1338079372933232 1.975786202647013 1.927658848792777 1.0597114368833438 1.9988192673359682 0.8477787946403745 0.9095926120718998 1.44840878549131
85 595 0.14689564008862402 0 -3246.0544487620155 1.1371070879819594 0.865721475922202 1.8085540478937043 0.061463069602376075 1.7553855863235268 1.855464324018319 1.1052519654084585 1.9978138586440315 0.6778165760134113 1.0242581766444416 1.4945747771300748
86 602 0.14395526365195924 0 -2603.905622833834 0.9997239066773178 0.6766638478381839 1.8381138252593934 0.04153966975599017 1.7871608707367443 1.8850345982672647 1.13331701481199 1.9942828916242883 0.5073059614875293 1.0356923117418249 1.449652694599982
87 609 0.14728771264467838 0 -3525.0793328982313 1.0119022809504163 0.7210805586502476 1.7675747956726442 0.003876331853903027 1.8269652514005594 1.7968288263357806 1.1675955104553375 1.9987943712843819 0.43589538891883717 1.1513492898244895 1.4352259698845475
88 616 0.14755325752932663 0 -3386.705918641899 1.0544153241658925 0.6708450820200866 1.6794230691653353 0.013634600092769508 1.9397166294158805 1.9397848139937666 1.1370357641765079 1.9891742635337166 0.35735336608037443 1.182525060864604 1.4527332890434703
89 623 0.14283822224082626 0 -3557.1255308176833 1.1137361613203998 0.7938969458612807 1.828009048734008 0.025148844415845303 1.793069152142923 1.8542560487991293 1.2623783864265208 1.982432716288861 0.4848246526076432 1.3103580327083402 1.563891352918919
90 630 0.14358408189316083 0 -3567.6166883922497 1.156518735329739 0.8399844368018206 1.9126972997832208 0.10348019945599157 1.7399817742363193 1.77460113967772 1.3199828658716413 1.9937174189393452 0.46548067205311916 1.3831372277876288 1.5989633846647742
91 637 0.1426569378984492 0 -3708.904724111786 1.1087262709252 0.7326424302336824 1.6061405207375092 0.05367007669707527 1.999788896209465 1.4742215181318816 1.218974087645365 1.9789261498099198 0.3313919052913423 1.4705180632112247 1.685347551902942
92 644 0.14468693961924364 0 -3267.1945917517264 1.2129300941600953 0.6971059585229432 1.8199679515520077 0.0005751012702565635 1.9814140199334247 1.5988840152483592 1.2071543272004028 1.968619150004993 0.3011676164937994 1.4310720440807434 1.7139189789902545
93 651 0.1479521993154464 0 -3497.1444921638795 1.1702417594085814 0.7879987623757116 1.8246037031589923 0.18295850773188493 1.9668743056723543 1.4538775755120443 1.2934343104481734 1.9578383430086068 0.32635642743224813 1.455897995033892 1.7371037708346706
94 658 0.15466057660512883 0 -3546.0146402982205 1.275649255889649 0.7055413429611525 1.8762189652748575 0.22645477527680563 1.996504739531329 1.5454744706781252 1.1081949609834436 1.9468477957094474 0.17024937331901874 1.3880595697631588 1.6085333408089904
95 665 0.16527087980233995 0 -3880.9573778829317 1.2271993065941091 0.6693566325576092 1.785903827755553 0.29200520427648236 1.9997922173340248 1.6167886159818645 1.0715331161959878 1.9658608619280513 0.018601877985306516 1.3752725994545552 1.501496847512965
96 672 0.1843182217241493 0 -3234.055908116534 1.1869500186385655 0.6453906537735189 1.7845648886445462 0.3216417950066831 1.9605089566071368 1.7712381254650034 1.0880028438073641 1.9364411377875357 0.0003370269433804823 1.4391031121969349 1.585629267772027
97 679 0.20772758259119165 0 -2016.461520284096 1.2921183114730093 0.6056802781539548 1.8146577407590387 0.39848446380763836 1.9611534154025465 1.7654706338000346 1.2092141714210711 1.6635685446080535 0.11804239806045715 1.3615718585933105 1.7747229011668406
98 686 0.2314152170880271 0 -2931.8199231713456 1.189025717545492 0.8021204664978625 1.9152901722598656 0.5428674507398239 1.9980548000658154 1.7696332495922962 1.3710974110014476 1.8374997517400025 0.04529339006638249 1.484528409750362 1.7908283771818718
99 693 0.2608152906224541 0 -3463.8307303353686 1.2205898426010096 0.767132176744376 1.565971044225347 0.49410714284543167 1.9680383725459554 1.9137341341066276 1.3630695728687963 1.2268268837629335 0.2219515865019399 1.6488998475231147 1.9117235419296308
100 700 0.30096581093970576 0 -3294.8428941969396 0.9628987661939784 0.6985212344832873 1.904068812642153 0.6291207604855804 1.9823911123673585 1.9998052759485487 1.4942482606790297 1.3750820709186504 0.0908128739322327 1.716145199964738 1.9999312716844502
101 707 0.35193641753136 0 -3582.1349684191164 1.1103465667016812 0.7687100911891024 1.473253308498833 0.566090705276266 1.6027310789788054 1.9340859420576901 1.230727089315718 1.3282577348236735 0.04302618878744747 1.6278789539839118 1.928596988104011
102 714 0.37876473739471306 0 -3021.8449318995954 1.5097222155707015 0.784984510914465 0.9943816294544168 0.20582511441166385 1.6962328772950157 1.5300059603526528 0.7892772778200208 1.7118004250812682 0.4286863496714306 1.2039760542286106 1.5219088663278937
103 721 0.38786180870542464 0 898272164.3457954 1.0549650090193086 0.9444438245641676 1.2027995782808054 0.5892012999533708 1.840838750757696 1.9145769925031906 1.269590561363784 1.851167888784359 0.02603895244658824 1.2216244635366882 1.7381977897035257
104 728 0.3869653620902958 0 -3546.513499866129 0.7588812304237244 0.6735883367414304 1.3517573979468087 0.8067071525078163 1.7842294757032746 1.9978769388666542 0.9439306498744731 1.957862278289443 0.05633176665749202 1.2539743306605327 1.4120635489562594
105 735 0.38067333184043456 0 -3616.287335064961 0.9522571937547771 0.4762031186877722 1.2792651686003238 1.1405189146342671 1.892113083108207 1.8724513573407795 1.0375051381705482 1.257599757227237 0.007977762331801596 0.9348276980944462 1.405946852388532
106 742 0.37197344283077594 0 242732796.9200264 0.6446335239797567 0.8458035047108494 1.475759672985889 1.3379991678824064 1.9984390099607718 1.92237953438506 1.208516657248167 1.935990436711299 0.2278556463367211 0.928392371828184 1.4799511548619648
107 749 0.37437480060125344 0 -3589.6945090198624 0.5056029226761456 0.6613885945757761 1.6931980008006413 1.669247359437753 1.9559140591676616 1.9999219150039642 1.1872592359762522 1.9886658963198696 0.29028899168130184 1.0915555368489058 1.351492288072413
108 756 0.3761149387801611 0 -3026.0250508630556 0.32144542517727537 0.7777036416843658 1.4546223600483208 1.767032652926398 1.908401122281225 1.9979363216700858 1.083325118098886 1.9616028254641242 0.395423152764239 1.2580710794165764 1.7734919521216534
109 763 0.36781655553535025 0 -2223.4175017700186 0.5342616548805629 0.8221482124464348 1.402614123534412 1.9018153231261132 1.9999110269028322 1.9510026049106035 1.0889770183206433 1.993750122912355 0.4425477725309226 1.6072367560582204 1.8314905836880297
110 770 0.3763625326842233 0 -2044.307373201601 0.7709733584134361 0.960394967111599 1.419895134396812 1.9373414997749248 1.8741242808672696 1.7921810548459247 1.0182143077711918 1.9813888307348508 0.44072143219841253 1.6240216097654647 1.506632039636386
111 777 0.39627505173842736 0 550.0510135174261 0.6120190485657467 1.1134731052071474 1.1554188500931517 1.9399329359405966 1.929659571023983 1.790059434951959 1.156789197289389 1.973996985578975 0.5966949980025792 1.9133886886583127 1.5967373648458696
112 784 0.4008930891802618 0 -3026.5522174630464 0.49321013467753194 0.9458925410630632 1.0005457469542165 1.9188456690206674 1.9564568755930567 1.751137036172085 1.343351512390813 1.923289072722689 0.46915375262778936 1.9763337802712313 1.8411481111839654
113 791 0.394086878269959 0 10061.998637788878 0.4523912219679094 0.8783400301228127 1.5342512589083965 1.6942415404929236 1.9616866955621401 1.8949953483034834 1.1460453934825487 1.6914296090580854 0.18207538497165693 1.8560195382099605 1.6272288927196272
114 798 0.3700446879771116 0 -2856.225008289915 0.49946525656453733 0.8822151257307257 1.718262644258538 1.4327613511214854 1.9967725246788066 1.9697438167752872 1.573630986903605 1.8323846157592623 0.48685234923598686 1.9992711261235219 1.9717424780333928
115 805 0.35904568151860433 0 -3390.731275963428 0.40995675617970134 0.7440117140532627 1.889984317018009 1.337910583594451 1.9878668643518078 1.9362126605201118 1.1763947631849998 1.5887671378105608 0.09832027038461982 1.863179958740819 1.7528889704032835
116 812 0.34874587603639057 0 -3280.826440520107 0.5379224795684828 0.6967785015039754 1.7722497941542892 1.284895481924392 1.9869592773546065 1.6903503796018697 1.2777022442882247 1.1749389513632156 0.14015108957411368 1.8348133193558054 1.6672782979232603
117 819 0.33171899402622473 0 -2899.530739859739 0.6318901510299584 0.8692347985827937 1.8981315638573748 1.01808800640476 1.9050560323203445 1.7283055510340894 1.2604121823960202 1.2224344828588223 0.40665707897789727 1.8188811882380989 1.902025469828042
118 826 0.3164182239987476 0 -2724.3070679085386 0.5205342154411999 0.7739206555845696 1.8018698425133926 1.0733131422999085 1.7754619321933636 1.4983320557181952 1.4326416817464327 1.374328649918956 0.3538346117274861 1.9402060986563083 1.9964462552879454
119 833 0.3062982029674482 0 -2728.8130600982795 0.44621973041282276 0.9684307552634266 1.88714877734315 0.9580640070224304 1.8394927194453035 1.500619627615719 1.2715292697566964 1.5640461605163172 0.618275009107929 1.7328705537698295 1.9988202529718364
120 840 0.3084518369187178 0 -2682.2062854858063 0.7098850447883522 1.033423477442905 1.8909276899480045 0.6961549787574834 1.9562204456335488 1.3850370907693044 1.4449836141972865 1.8201766074930064 0.892187175603733 1.596865509463033 1.985521332066283
121 847 0.30243769764353673 0 -2398.9112203086142 0.5382502983793737 0.8040820023247771 1.9189432602253398 0.2602777198155275 1.8104809592527917 1.6278732763044637 1.1147158229235195 1.3644706183046351 0.5727701405669482 1.9238096503826634 1.963543187329643
122 854 0.29798510720436955 0 -2818.579024542598 0.46409857531438825 0.8492505467354385 1.8057474930897184 0.05850971501963809 1.9872664937152453 1.7563866390238936 1.2487855670442018 1.150918859374786 0.8265224245715083 1.9848279237205617 1.5803811538657833
123 861 0.3000189110253023 0 -2842.4379109110255 0.3151378451226053 0.8585377240094202 1.6791296280815298 0.1314537986926837 1.965473883658186 1.455928343086524 0.9672605984346159 1.1424619205501743 0.9727427123634418 1.6977293559688909 1.5482031784232724
124 868 0.3195862598938093 0 -2984.8157271189057 0.5712158117186424 0.9240843276480238 1.8868620317162943 0.36946901368674523 1.8848914254637679 1.352064251382232 1.1520674552942702 1.077826933487363 0.9629329237310447 1.3822726229973508 1.7901082543969096
125 875 0.30323071376612326 0 -2036.343892685915 0.6064909804371804 0.8694601023421009 1.3883445197626763 0.0008930496584027719 1.7571801860278795 1.1869590513669668 1.2874396440534368 1.37356486563772 0.9491065588681002 1.6629264967761153 1.7559659463233912
126 882 0.2939765199972107 0 -3105.3064483801036 0.270797436494795 0.8708703008964376 1.65546919347366 0.43989815977442837 1.7550323746330398 1.6392794095462 1.2599159159633766 1.2528261635826887 0.8249149421338224 1.3781301360822311 1.8647226103828443
127 889 0.28153178992300226 0 -3275.4085533008424 0.38342287373199746 0.808921525705016 1.8160155253481263 0.6229461165789778 1.9711589328944505 1.4271258535555529 1.1884348801971414 0.956138372707863 0.8175105573438106 1.6484797050176467 1.3877498124574892
128 896 0.27798395240128 0 -2937.09194314559 0.7224766804059746 0.9947244243113353 1.614043226553952 0.6561544580722223 1.6786797350053064 1.3433487882034683 0.9087468549891851 0.9128871165562691 0.9989977055883339 1.7130140485838836 1.4156668289341952
129 903 0.2730244066170502 0 -2898.765588155513 0.3954109172089838 0.8620480367841075 1.8941800122744623 0.8700933626929666 1.7621892864941977 1.5012185423249693 0.9242741558873445 0.9848861239906124 0.8308769903676634 1.5743748439736283 1.6718863113867726
130 910 0.2753632215728544 0 -2665.7031392510967 0.5085778306905223 0.8885237379895393 1.8264156138183674 1.2293165041118927 1.8745577674962028 1.0931168781588219 0.7987308482339145 0.7620913034979102 1.1972547019775936 1.3717099585007542 1.2472264839031515
131 917 0.280855032431346 0 -2057.26067871367 0.45713244129535174 0.747264453056457 1.8700249197063195 1.1660077070602741 1.801886409837133 1.3983684175340862 0.6937196225747285 0.5283776595019316 0.822077953533097 1.8163941744301384 1.2286131857890765
132 924 0.28811169710281054 0 302911.594082916 0.4509260847548826 1.0163744026905492 1.9522385620362908 1.1459849774956083 1.9592332666942145 1.4553887662148879 0.8600557328777019 0.7197946152173533 0.9894097714361509 1.5190541424988913 1.1253854353995207
133 931 0.2807080857046765 0 -2081.4871889029682 0.38052614138604257 0.8809672399770097 1.9069777970730284 1.2728838218739071 1.997622039732261 1.245607994082912 0.811238753695073 0.9635525688977733 1.066423425035322 1.40275833822312 1.1544242405576515
134 938 0.26991949828062645 0 -2716.029471807744 0.6135904158521155 0.9162884748945701 1.9329495717486807 1.1658372551947587 1.962750134809848 1.6217034791282388 0.7296591642764862 0.8423292420554782 1.1830476863796247 1.4056364545343663 1.0976323869883187
135 945 0.2698289418653435 0 1342.750642655193 0.8772021167454176 1.0190540698501942 1.7637471699236331 1.079801207734218 1.84836984556241 1.783300894327801 0.9111602682278195 1.3848538060036943 0.5935429566356205 1.4819629416486217 1.4511102172514998
136 952 0.2509463411516788 0 -2171.653213055961 0.5458685840799802 0.8276926668704339 1.9439993127554525 1.2824422831248425 1.9480360192005128 1.7638133706653825 1.0285114322857507 1.305896787041806 0.9947899772832769 1.2384004384674674 1.430745575413091
137 959 0.250335485255796 0 -3351.554675545151 0.42813258527158804 0.8333427932466164 1.9759728530884912 1.3686701275054143 1.8974985526898975 1.87178153872014 0.9239321394009419 1.3552145589063465 0.8025231600798267 1.1031044435552149 1.6813595240202435
138 966 0.26524520840420845 0 -3012.953537658961 0.8084485557304548 0.912218594215157 1.93363567839477 1.1819173194756953 1.9004927247603116 1.9984480712809758 0.8133905268122334 1.3593285848735597 0.9305659214857163 1.1489341098627674 1.4437815881623788
139 973 0.2882963221162794 0 -3203.7004435846484 1.0544429250203309 0.9325422896751184 1.6045237023548047 0.9175882674317557 1.861856019803331 1.9997263973582742 0.937697623113807 1.994176323086901 0.7010489475164892 1.1343597740883062 1.6003153826925085
140 980 0.2781907835118546 0 -3344.406004466367 0.6184450866018586 0.8634993489989129 1.9547549249339653 0.9158253665648428 1.8673501218682147 1.9878504917143553 1.0913306631795128 1.7201101475209162 0.7492108499812186 1.0453168407667879 1.7852833110564936
141 987 0.2752721271028503 0 -3208.0672988628376 0.7609687145795938 0.9353592832960674 1.9355379592372137 0.7624462592067576 1.7562441743790609 1.7103935447443643 0.8971972525111456 1.95708512768923 0.7151467084069495 1.116384983382059 1.6608144844697734
142 994 0.26167083844614547 0 -3596.9002763273415 0.9978946147091616 0.8699931577179354 1.877013055868352 0.7962527900601164 1.901717505270167 1.8595311064339266 1.0191541437217297 1.9914647376882268 0.4969587751949802 1.160151201388553 1.3895315612569616
143 1001 0.2580831471926351 0 -3252.108299073391 0.9790838045981098 0.8963899539194007 1.9997281690730617 0.8163588717326067 1.6860984905429361 1.968891787533555 1.1880696066131666 1.9721878628491842 0.9878686281421343 0.6690446253803128 1.6062044425308082
144 1008 0.2481497560330374 0 -3463.9561667068774 0.7191427325917896 0.8171259214257627 1.860456414699017 1.000026092353095 1.8273884213534874 1.6455157579172486 1.0537281586084422 1.9871141787196784 0.8521724390525912 0.6347966508503378 1.49415954330142
145 1015 0.23751444825667023 0 -3619.8296145482072 0.6350796081658426 0.7900734612126871 1.7557646644324205 0.9013275665811862 1.9388340796873744 1.7198952758168788 1.1201377272746231 1.9716798761687997 0.744701206921594 0.7487056928905349 1.7404389668585147
146 1022 0.2316422817610458 0 -3717.962071077305 0.6353270051983927 0.7461200735219569 1.7409000738609741 0.7406187297438414 1.9929859223280049 1.3999923317499543 1.0945085183350647 1.9019352571922772 0.6935408106409191 0.8719151510161596 1.524343192287181
147 1029 0.21648886129367534 0 -3542.686992001043 0.3801905981993322 0.7959284732305736 1.6208711746709825 0.6151420800230025 1.9979725919020594 1.6826772461825688 1.0963908954403385 1.998230968319239 0.772587556253674 0.9440681242339357 1.627201251458426
148 1036 0.2170179668652111 0 -2936.9703948318293 0.42034508832570583 0.7155410785976807 1.7334929347670858 0.49676822933796627 1.9722516770908014 1.229812599314907 0.9004056366135454 1.7954830251934228 0.7152005838955544 0.925320210995976 1.5296499204546106
149 1043 0.222707241799864 0 -3285.5089470546386 0.4374938997736405 0.8170208842334484 1.9736779800610629 0.16872232257840702 1.9923769907508908 1.3975094565517172 0.7963026453138338 1.8200086812760974 0.7848667663645702 1.0579224982981597 1.4732196492363285
150 1050 0.21003871386362383 0 -2849.447583281398 0.6389389875731701 0.8041751149644429 1.8430569019518084 0.44353341571437055 1.8674506932440638 1.503195913779317 0.7704519084611142 1.9478251125973223 0.6795132620953459 1.14223884232667 1.334367634877472
151 1057 0.20422490621996678 0 -2997.649564012552 0.6090570344065648 0.815808172642593 1.7169849057475073 0.761818889155546 1.9655002543331723 1.6806803612571217 0.6708822993458529 1.9996446552611247 0.7719359379880769 1.0268203767354045 1.384931118589578
152 1064 0.20482286602971392 0 -3269.3731482132516 0.3448471449935791 0.788106502398053 1.8060048811457372 0.5565631099393973 1.9934688991820473 1.7095494749441225 0.7175099833287072 1.9990155211380742 0.5857168387586587 1.1989131226460137 1.4544723412966174
153 1071 0.2129187404279667 0 -3331.5298982266904 0.27133130891528257 0.7991724756416493 1.6741161411820056 0.5606443322044226 1.9550620808029004 1.8452386252485007 0.6857870266581543 1.9790602847501735 0.6542725115805698 1.1579192829228016 1.4245013799864679
154 1078 0.23096808159753318 0 -2929.4432505487894 0.3260188051458193 0.851348220726473 1.621606850291855 0.8539680867836128 1.9192496352254003 1.9321406229272606 0.5822031705820698 1.8921631561570267 0.8007923104565873 1.2363644616714413 1.3092628193306997
155 1085 0.24054959558088526 0 -2647.1282800051854 0.17956158043720866 0.7964149894091676 1.607236355555248 1.0135311512470464 1.9684445303539553 1.9706295857983747 0.5754524769709256 1.7244232906499704 0.7877451966775687 1.145665580269681 1.186550426757584
156 1092 0.24880546900577374 0 -2387.4852797679428 0.045146546137108876 0.8465272899361364 1.5521749244020862 0.842887758846127 1.79042549122508 1.996248396723953 0.5811902112277634 1.649227587350272 0.8313893128633851 1.2689357815148836 1.242743016698015
157 1099 0.2552961976262934 0 -1952.2029007085675 0.05202362616136233 0.8491240572981321 1.3911528330390672 0.8751172874815931 1.6961774309768005 1.8582441957259994 0.5701599060630447 1.9532845060376967 0.6589133756037318 1.2653518100543215 0.9826875370801356
158 1106 0.26373449925216386 0 -2389.9580453149138 0.004156903646941107 0.8452753572295651 1.2303019191555657 0.8332043021450306 1.4698117813238407 1.9443399443514415 0.5937916001079565 1.8360032243574855 0.5045164908518711 1.3133152514725814 1.198063323158384
159 1113 0.26903518189890546 0 -782.2077101364987 0.06741222904508656 0.8172847529133316 1.0454318636272373 0.617981894682019 1.5868290985987281 1.6549470018248837 0.48649673701102975 1.8971858562033308 0.3726430273471916 1.5089291902265776 1.0791196493859871
160 1120 0.26170047692736326 0 5456.222311707765 0.04642448120494269 0.7456082628664694 0.9956217427119611 0.8140226049303689 1.6033477109725092 1.845230691770298 0.4181890283222647 1.5825537639972052 0.36306997288689047 1.4069653249574767 0.9797690233528633
161 1127 0.2497585541799245 0 -2732.8546167361264 0.0578637837368287 0.7247835091158892 1.3835547606733851 0.7317278369078957 1.7483254987109706 1.7837444534321656 0.5698964630721762 1.993494689306856 0.156849229674709 1.5118995156337272 1.2693424939692328
162 1134 0.23276999371286342 0 -2162.0873279655552 0.12911693294841461 0.779634607112746 1.197261132119932 0.6347299528057069 1.6071608514493725 1.8618134939221518 0.5135434671868825 1.9064293471007565 0.2453809951178733 1.45425521999278 1.3015349311913655
163 1141 0.22488252707618528 0 -1815.4899366961397 0.20615992289901328 0.7001480351197947 1.3040442789886235 0.5618604110117098 1.9207522644876691 1.8571562847832561 0.32824769897831496 1.9792436755100224 0.2759113332144929 1.5734859225764242 1.0669115385584202
164 1148 0.21733146849523946 0 420.99046585345286 0.0651739385919918 0.7835125824864317 1.2499610263593968 0.40272373268799344 1.7402204970579218 1.93516122000483 0.4308281919822518 1.7607638606621079 0.29085386296068033 1.552935271833929 1.2646718732289632
165 1155 0.20137267650935275 0 1411.570932303186 0.10602127055747029 0.7769720157454645 1.3564893770354194 0.36198637017637536 1.6516980153558025 1.9631754646230088 0.43320889260412604 1.7798980267328586 0.13498313394516262 1.6418579041568473 1.2331943668092382
166 1162 0.1975435599741541 0 -2167.0478644485643 0.07339366050134974 0.7289305171320056 1.7193468359183157 0.3834829362138171 1.7130604411055101 1.9470571028854498 0.3964218469408588 1.71911424285713 0.09036030097171474 1.8298284128751712 1.0818681649773085
167 1169 0.2027559169312885 0 -1284.0445955833582 0.0872380778158651 0.6908150351985998 1.8764426271226666 0.1934541843498142 1.8698158433925056 1.9188285371636167 0.2724179243003862 1.5516700366409777 0.24918406346641053 1.9296436015787768 0.8954278221234855
168 1176 0.20227599370286747 0 -1317.0702066101417 0.0938005591532047 0.6561886696339917 1.5606301776372917 0.07925942932769614 1.8368357812604594 1.8051081825231587 0.21459310386763888 1.6286948666325414 0.07623733203155741 1.9523377299529978 0.8772501686207381
169 1183 0.19497651333755048 0 -1682.529183938188 0.1971219470315863 0.6754592349260329 1.572559532871272 0.12275437093482167 1.725180236511728 1.950183246058829 0.24319205034567237 1.5419883782898889 0.012418473259474854 1.9891319772213538 0.9470593101493594
170 1190 0.18990438771861062 0 -1490.3945233180727 0.2855463261755522 0.7167854891639469 1.467035274814939 0.08627059613247356 1.5891864624446859 1.93353341214466 0.34806678032991195 1.5583875393088003 0.005252513400805293 1.9899885179951506 0.938905152736599
171 1197 0.18691126762084037 0 -2131.9498973678733 0.3860619128601712 0.6788320229984433 1.3860505379406485 0.011575914740869836 1.5672363782610956 1.8265444441241296 0.3995999703365034 1.5077099343695168 0.0011016447015035485 1.9925780302704426 0.9906926220551968
172 1204 0.18155509930319622 0 -1730.2183475878076 0.3417767889654391 0.6308071653377336 1.3114758057491642 0.15387040230837334 1.5829254838137596 1.9251605101024432 0.33092075133724824 1.3527263869850932 0.02198628586736543 1.9970283522209127 0.8474666781282798
173 1211 0.18292815120982797 0 -1762.100984544113 0.49775054255265594 0.6230972773518266 1.3338328227057787 0.07544204868859483 1.4869483073385732 1.9646573430750107 0.2936694215122567 1.2319726483662519 0.014197455578416698 1.998117957475917 0.8947898496950396
174 1218 0.18278998085956308 0 -2037.0402803573959 0.5656853056463372 0.6744448176734654 1.209902309442683 0.008233103052300806 1.4036676005970692 1.9539260477515787 0.3546177422725168 1.1855185377198578 0.0864275556273498 1.9983854463747621 0.9294188047837216
175 1225 0.1852022900458531 0 -1412.9626733284913 0.3659855464746223 0.6381167386192359 1.09605722942467 0.1026129748281207 1.626669275008253 1.8015385506607335 0.17939712069829128 1.4211914821401976 0.009622216273642825 1.973909156699359 0.773890193794326
176 1232 0.18932218944165422 0 106.15180754309881 0.35518344182730605 0.6823247111125226 1.0550700019472392 0.11762696293908947 1.5569219923032316 1.7349519903874762 0.18755346569099182 1.511479889541479 0.0058379030769066115 1.9853892105234643 0.6500969571750154
177 1239 0.19965393674778673 0 755208.9500418743 0.6087090949823009 0.7227244671306673 0.9539910517037863 0.000715429191058077 1.466313499526388 1.7371010625931151 0.3241164401244234 1.3152125835918491 0.02723163169621406 1.9959995429490367 0.8468914320214189
178 1246 0.22152877944285007 0 5055728.159554755 0.36955333479285546 0.7072232047807695 0.8111197485530758 0.07991665590931396 1.6692780016778934 1.5634988421359017 0.14947337577937064 1.5840868243573365 0.015883754153153958 1.958026267009006 0.6688676177418021
179 1253 0.24425936314838767 0 397265.77458862733 0.6242906672700276 0.6555163461421042 0.5622491077732344 0.057433805544657796 1.4899983882137038 1.6914441582699025 0.12140924115820834 1.4492732623132778 0.00194444535555699 1.8359224190920131 0.6456655628685994
180 1260 0.26485731349778596 0 72388479697.41934 0.8093867350885119 0.7210319039007853 0.4494668054114065 0.01015063919444259 1.3737203089854864 1.7969484291559965 0.32147581415510496 1.3389084273005347 0.0006258842478952542 1.9585245464559462 0.8720362250924036
181 1267 0.2728190227147768 0 5.184705528587075e+21 0.9836265017213122 0.7139634632858529 0.33268416318006877 0.006395912514682051 1.2877934816666037 1.8806569309335923 0.43118112793178165 1.318625698135736 0.07840022513946773 1.9662724126986881 1.0317852987756435
182 1274 0.2816798314185281 0 1.5554116585761226e+22 1.1855340960139202 0.7220309574829094 0.18373186234387306 0.035315634576475664 1.1549653386537562 1.9523589553646237 0.4222947124737055 1.2689002759080756 0.10042183833520259 1.9925951014916894 1.1315367278392534
183 1281 0.2891101843730655 0 1.037368898326074e+22 1.0146141328567584 0.6859437491602376 0.05691737471003577 0.29947001810620544 1.3807550569806344 1.6941956340803104 0.1558759479505221 1.2470831862326477 0.0024814790066020314 1.8374103832349458 0.8227201619619698
184 1288 0.2805695420990364 0 1.5554116585761217e+22 1.3107792276176362 0.6674007402085355 0.004700728483169045 0.024642966080608425 1.1013843750925159 1.8339121346010647 0.3732715686891198 1.0914670854435635 0.14419026496787263 1.8943332752458861 1.0465815400228078
185 1295 0.2796943435144276 0 2.592352764293536e+22 1.4584703888785147 0.6053767186402064 0.0693922640770678 0.13769788942647365 1.1740350562045094 1.8828743605556664 0.4427933647867205 1.1311272088170652 0.05304634717662879 1.9884364517928022 1.226015924858622
186 1302 0.2945186057860966 0 2.073882211434829e+22 1.2158769297594223 0.5915951074839217 0.3761123991487194 0.14407834629010507 1.1962791780735367 1.4881272581984002 0.33367345014947564 1.0899042744610163 0.04980505684197152 1.868351566601468 1.0068102947393387
187 1309 0.29661449644234883 0 54030405.604927175 1.4716864457275294 0.659865432075758 0.36320792614463976 0.05816148419346642 1.0490411501282844 1.79344988556397 0.27331735391643186 0.8817998679135619 0.07121244374688761 1.7232921539528294 0.8122196860901143
188 1316 0.3047822423137637 0 1.0369411057174144e+22 1.4546855902825124 0.7085546303954303 0.51833022276021 0.24023517181094223 1.1102439411765386 1.7656683829899955 0.4001909949954767 0.7757804979645164 0.011887956374560454 1.9329231403726723 1.0172485965450806
189 1323 0.33786874724977917 0 1.0369411057174144e+22 1.403736431657926 0.7496856568186988 0.6679843823121363 0.634513685897661 1.2334607130135615 1.8039347564332462 0.42005804617886194 0.39400566095843115 0.011644264165906592 1.7843753623170946 1.0662285786173507
190 1330 0.36915199315596897 0 -3150.4692972362172 1.4394282130059055 0.7872725316507296 0.9990613100636958 0.29479202103532887 1.1572094903606214 1.3720690083173208 0.6521530558819398 0.6026291281754723 0.27785955857559264 1.5949776697518265 1.0851569374063996
191 1337 0.39149743855371566 0 -503.56116133296644 1.1160348914620037 0.760650766098094 0.8494084300682312 0.41105139519892886 1.60175806154341 1.030445263035574 0.4423082295272929 1.1026125821623052 0.16034867592875263 1.914835184710738 1.024131128714026
192 1344 0.40160581104950666 0 -3101.2861983482408 1.4088551353567922 0.8812336342139098 1.0823325639312795 0.16085648289075005 1.2508990026029285 1.658614652170799 0.8078216156795158 1.0105318596697925 0.24967630555374104 1.9756040037219356 1.638370601484729
193 1351 0.4181380762170485 0 -3212.6995260728895 1.3554674744780784 0.7765857729805812 1.4302890817352398 0.015220965315007913 1.5079491856176024 1.329645698463209 0.740833316990841 1.459937647386848 0.15881501839195855 1.9909283664739745 1.5429280778730083
194 1358 0.44173723521252045 0 3074.363060019463 1.5014420666299932 0.9979842700139315 1.5254874637127556 0.002487917574727802 1.3586462045165872 1.77248120772328 0.9870888739027889 1.2358152059116898 0.29188654135524994 1.9954709482354342 1.9982139666169252
195 1365 0.4555714238339157 0 -3355.4687453980805 1.471760206073027 0.9421747463713571 1.8566968076489614 0.13961292553227622 1.6414287248635717 1.4014591475686125 0.8200963027133962 1.733105875074193 0.2723302434829394 1.910147142130215 1.982797893872617
196 1372 0.44974129748319874 0 -3074.424921898426 1.7600999421974144 0.9787693872360783 1.83792379087822 0.10895077138002185 1.3255741407541972 1.2201175045810955 0.9314864681674585 1.2273217132816623 0.30604943823908515 1.9591647249414785 1.8744654797784284
197 1379 0.4694515888897182 0 -1647.245709312381 1.8061359709381988 1.086505019082455 1.9995370903849135 0.1402860472451355 1.3175016332288365 0.9166279228248688 1.085247261512103 0.9290475412196533 0.6646158928237385 1.532599472758251 1.7479147208276844
198 1386 0.4659005039777304 0 -2683.886823315408 1.9394793107706434 1.0409164265676294 1.9524594610470651 0.2817691608254892 1.5156838736716813 1.6531237170173096 0.9233455768482727 0.9438630552779528 0.3894197341608982 1.9998237869030258 1.8677096436670275
199 1393 0.46453473099369624 0 -2717.527060493505 1.9836282530258917 1.0923536174398776 1.8655105164370498 0.2091169619523946 1.4283131795915311 1.8217195937913457 1.1293463864496154 0.9412824862183586 0.5167920083903661 1.9968341329392156 1.9721410844111524
200 1400 0.4960420703737965 0 -3107.1415631211376 1.7751568952279018 1.1749272327718971 1.7205197816179676 0.8325571512112409 1.574578799811343 1.999821087126867 0.7301175861647038 0.4781223555235359 0.08910937607041058 1.932358129237696 1.5503004237445808
