% # columns="iteration, evaluation, sigma, max axis length,  min axis length, all principle axes lengths  (sorted square roots of eigenvalues of C)", seed=10, Fri Dec  7 18:08:51 2018
1 7 0.1924298395385533 1.000045455578528 1.0 1.0 1.000004545464876 1.0000090909504133 1.000013636456612 1.0000181819834721 1.0000227275309936 1.0000272730991768 1.000031818688022 1.0000363642975287 1.0000409099276972 1.000045455578528
2 14 0.1866051428173157 1.077497377249818 0.9396723417583459 0.9396723417583459 0.9487623914118097 0.9812643508877921 1.0000082838520634 1.0000169427340597 1.0000242642874544 1.0000263695017286 1.0000355390777067 1.0026969007561326 1.0045726296925406 1.077497377249818
3 21 0.18150844670699795 1.1014748700183685 0.8930788989040183 0.8930788989040183 0.9298033567570294 0.964645103514648 0.9810209370528542 0.9914834464397113 0.9947264530960872 1.0017986361287645 1.003671967266572 1.0080392761229984 1.0477501200130905 1.1014748700183685
4 28 0.1833279178998679 1.1177209041754048 0.859416601561755 0.859416601561755 0.9160238814979939 0.9484945735767143 0.9674459480136486 0.9863714159973732 0.9892805879056723 1.0043480237911564 1.007240985466839 1.025075330047348 1.0508245309182576 1.1177209041754048
5 35 0.18172016528843166 1.1293671202433209 0.8363259554488889 0.8363259554488889 0.9219617032365593 0.9400272814206746 0.9512182115869479 0.9608645314920323 0.9877859004839451 1.0057401062965405 1.0124069125878468 1.0342316550197044 1.0807880535733425 1.1293671202433209
6 42 0.1863128126809761 1.1505027440442823 0.8329416529156538 0.8329416529156538 0.8964990812253714 0.9297267311122566 0.946407225092196 0.9623512441938272 0.976026874962663 0.9957519159108775 1.0211898026291628 1.0290788861094373 1.0834075593658326 1.1505027440442823
7 49 0.1829942309466423 1.1781715481444008 0.8186577580970921 0.8186577580970921 0.8887395528637255 0.9157721995244221 0.9334615361427144 0.9556947440404252 0.9760672142253101 1.0113310552463237 1.015025606458404 1.0348843427768293 1.090975004249092 1.1781715481444008
8 56 0.17357490919485352 1.1943436983285112 0.7968304222298127 0.7968304222298127 0.8783298995192867 0.9016373674158711 0.9217647785108146 0.9580324031605132 0.9640680622338231 1.0104594524857087 1.0250424792634303 1.0401262676936731 1.09377324577411 1.1943436983285112
9 63 0.17407584599966225 1.198082162750726 0.7750048854386907 0.7750048854386907 0.8595124886736172 0.8931726840317727 0.9258837446018763 0.947937620606412 0.9723891745268927 1.0060672322409758 1.0296875807897359 1.043120935264351 1.0974808453364326 1.198082162750726
10 70 0.1630622601328956 1.1976357421293837 0.7764797109906373 0.7764797109906373 0.8525653196180571 0.8873364896070549 0.9039720975768202 0.9510665946978178 0.9697441547653369 0.9863569036304733 1.0423636909489893 1.0653255562623154 1.0925137914571033 1.1976357421293837
11 77 0.1555546871146046 1.199638415532542 0.7643263141361666 0.7643263141361666 0.823438273328364 0.8768024569861577 0.8999116913185836 0.9468035316803683 0.9642379014343881 1.0005870235772962 1.042848068244713 1.067316752211117 1.0962740637586361 1.199638415532542
12 84 0.14697591639918486 1.196505337974825 0.7608346345644961 0.7608346345644961 0.8065910807673279 0.8705452599278907 0.9064134588580162 0.9194686098981294 0.9545000482472007 0.9873169981774775 1.0530611148271323 1.0686901719413902 1.095957256910139 1.196505337974825
13 91 0.13886954259725856 1.1997347366269717 0.7373340074946967 0.7373340074946967 0.8029929193690626 0.8595702929128124 0.8900006170613561 0.9313353302820333 0.9443562928418048 0.9944209133400901 1.0533344776306623 1.0694810060487894 1.0942447463404685 1.1997347366269717
14 98 0.13840414105399804 1.1992539074382806 0.7192548928097461 0.7192548928097461 0.8078380393676666 0.851677809278521 0.8826901101922685 0.9190857678688604 0.9493577710296529 0.9907736125354244 1.052105678017431 1.0703805801725421 1.0992991385899695 1.1992539074382806
15 105 0.13361501395549777 1.2006906115960154 0.6939588574735019 0.6939588574735019 0.7971610189129038 0.8399021934672929 0.8721068156584912 0.9067733734735726 0.9678645895654184 1.0060164793911124 1.0466772111372453 1.0758187056487427 1.1232852400370896 1.2006906115960154
16 112 0.13069381503708113 1.2044081560935476 0.6748397941317981 0.6748397941317981 0.7847479752166204 0.830676663283678 0.8679384436908986 0.8892937075342757 0.9573489911481743 1.0109998110216438 1.0500213062085426 1.0861307962176308 1.136548930881766 1.2044081560935476
17 119 0.11953473002618072 1.2073406109113605 0.6470290841296296 0.6470290841296296 0.77965482153003 0.817228457505626 0.8418399681604471 0.8948141507361413 0.9617480853302105 1.0363763681340654 1.0624674681274195 1.108684771888875 1.145584667807433 1.2073406109113605
18 126 0.11530132129883947 1.2038937292292642 0.6294884849422046 0.6294884849422046 0.7703506519973546 0.805277268193905 0.8291187559648147 0.8703071142712971 0.9662037771434306 1.038456686994433 1.0677565510132514 1.1164538495052858 1.1466046929237232 1.2038937292292642
19 133 0.10379002172417336 1.2017054707508157 0.6149375811077804 0.6149375811077804 0.758842431850014 0.7951218717356424 0.8180134449989169 0.8609027517445819 0.979640739251528 1.0477305143037579 1.0695502136006727 1.1171814566197051 1.15458530707174 1.2017054707508157
20 140 0.09755713575681262 1.2003209499379766 0.5947378508047083 0.5947378508047083 0.7554807873038606 0.78304018091792 0.7976284200236552 0.858372297417803 0.9674526909869147 1.0430252501225992 1.0742760651392682 1.1191386542197082 1.1571902736600175 1.2003209499379766
21 147 0.09142394138975138 1.1987370098025687 0.5777621913410625 0.5777621913410625 0.7518866129704779 0.7714217739372834 0.7905735313721789 0.8545327938407691 0.9599844466966545 1.038235990421026 1.0767269387693044 1.1201770246415472 1.1625061456582972 1.1987370098025687
22 154 0.08809072501472376 1.1982628293079878 0.5639908436221115 0.5639908436221115 0.7440099019330091 0.766986427944523 0.7937093380725804 0.8408672643337235 0.9506096531591088 1.0362276450693992 1.0689438858254994 1.1305504424197896 1.168936449315727 1.1982628293079878
23 161 0.08805139581342489 1.1967007466631607 0.5512580155981891 0.5512580155981891 0.7430659102050622 0.7608094523768001 0.7760632275371809 0.85198825158483 0.9456012011845328 1.0279842797929102 1.070071132262874 1.126983767992267 1.1737244861445462 1.1967007466631607
24 168 0.08606008959943658 1.197270237607134 0.5405440680506809 0.5405440680506809 0.743325886565571 0.7534422207857518 0.764755339253881 0.8539813421560323 0.9482488836030522 1.0425539547112193 1.064587592751993 1.1301933751592153 1.1726185537179201 1.197270237607134
25 175 0.08533666740240739 1.1962569747131937 0.5291323982881935 0.5291323982881935 0.7315093672994416 0.7493750436718817 0.7708456006956022 0.8432904957498786 0.9448397057280467 1.0429833878295214 1.0565745570825509 1.1440344495946893 1.1693569773384367 1.1962569747131937
26 182 0.08232088922381427 1.2254563994815422 0.5091943386657075 0.5091943386657075 0.7315954143900507 0.7366649129296732 0.7519672818855752 0.8466825309936024 0.9468008762756128 1.0458624695392154 1.0790036567116195 1.1607593787341173 1.1822114836105793 1.2254563994815422
27 189 0.08226017449079397 1.2381120485048824 0.49963834175697625 0.49963834175697625 0.7167726923847513 0.7350492155162935 0.7557135515195456 0.8431450867688302 0.9423386908247701 1.0504475322010323 1.0604026929883648 1.162448070068659 1.1917467041475827 1.2381120485048824
28 196 0.08295003602770112 1.2508051818201793 0.49867685083186136 0.49867685083186136 0.6978372858511709 0.7338533059870214 0.7606096419466469 0.827656942768083 0.9556401503304924 1.039229412701634 1.0605009109031345 1.159163404718561 1.2147748920011414 1.2508051818201793
29 203 0.08590898272463549 1.2658429373273734 0.4886519329511415 0.4886519329511415 0.702865777962826 0.7268195684942358 0.7553082630455147 0.8094871664396036 0.9597347654801313 1.0409464501061554 1.066976408186016 1.1673354017081916 1.2204403249754134 1.2658429373273734
30 210 0.08739982252746176 1.2960163232876152 0.4853072117086783 0.4853072117086783 0.6809622042610564 0.7238788762681448 0.7398930514342036 0.8433610578029617 0.9545725690773676 1.042078537405867 1.071482280109341 1.1591963322669705 1.2195050408407975 1.2960163232876152
31 217 0.08554283374635177 1.3168040297324335 0.4784885223329155 0.4784885223329155 0.6669112084007522 0.725578323490738 0.7306914455579551 0.8544757381531309 0.9589131088407373 1.0457799087707387 1.0638577807963532 1.1527095075317793 1.2221571754025518 1.3168040297324335
32 224 0.08194530783704466 1.3260653644001075 0.4683369602180406 0.4683369602180406 0.6528565410404573 0.714895777328751 0.7272354740695424 0.8552466294035389 0.9633015079384646 1.0478850917730902 1.0621840612265094 1.151509925598433 1.2270300321352574 1.3260653644001075
33 231 0.08015099727279268 1.3313557196218322 0.4513873649665907 0.4513873649665907 0.6553478072064501 0.7025011782540423 0.7143981845289175 0.8550849123935773 0.9589074908927502 1.0439213975557247 1.071246450138697 1.1524335234957324 1.2257682639057932 1.3313557196218322
34 238 0.07789289490160663 1.333046712593103 0.4477929853213566 0.4477929853213566 0.6605409554892477 0.7013991674337725 0.7213213212577021 0.8195423253387326 0.9537360874933114 1.0268973335501912 1.0719507868185532 1.164844253979022 1.2191093608873156 1.333046712593103
35 245 0.0767398763520344 1.3336281083803831 0.4461912280305464 0.4461912280305464 0.6561263015151154 0.7026008042208941 0.7280565740756931 0.7901269482649417 0.9571207631800899 1.0164697498225297 1.0734386957577988 1.165278014174097 1.2206963627862573 1.3336281083803831
36 252 0.07923064809326644 1.3413644098320618 0.44184857098957847 0.44184857098957847 0.6392477499797928 0.693845762022562 0.7281705908912051 0.7786841096520082 0.9574315208203035 1.0214656390735635 1.0819957130762694 1.1606557521048748 1.2229381953727143 1.3413644098320618
37 259 0.07832930593636542 1.3573381513224767 0.44069269153200374 0.44069269153200374 0.6253085233764069 0.6863455106059636 0.7321836985968396 0.7706771212956807 0.963715160141578 1.0300420724778032 1.088441578454848 1.1573191689153468 1.2335998532615324 1.3573381513224767
38 266 0.07493483738401002 1.3703828809788605 0.4341228557223528 0.4341228557223528 0.6372937795444445 0.6788835274146524 0.7312791976723814 0.7639085185999744 0.9578953252444743 1.0175096547392195 1.0639095569111399 1.1616119272290482 1.2323482765711145 1.3703828809788605
39 273 0.07502348248756976 1.3760490043829234 0.42968015595526604 0.42968015595526604 0.623023536855451 0.6755477246245629 0.7207880752655896 0.7567251028540234 0.9561942426994622 1.0169513464361681 1.059272760965258 1.1593870488841087 1.2330515302287721 1.3760490043829234
40 280 0.07446937222859137 1.3896146228928703 0.4372811453780927 0.4372811453780927 0.5969535525190652 0.6794041201312726 0.7263893116603758 0.7411031191027022 0.9469353081070893 1.0249183327068767 1.0640512379214622 1.1527297818914455 1.2388231802819165 1.3896146228928703
41 287 0.07726661307478111 1.3933346762030299 0.4355949010682548 0.4355949010682548 0.5933838706932604 0.6731132649087983 0.7204254025149035 0.7290396549213534 0.9420604424827714 1.0150274150765366 1.065199279747457 1.1569789955701708 1.2379099939907805 1.3933346762030299
42 294 0.08041005917798383 1.4137378428325669 0.4332049929619793 0.4332049929619793 0.5870955350670423 0.6669967555724711 0.7046147044288493 0.7421782903222918 0.9448543495478819 1.0239080530326694 1.077731706505039 1.1530524979862462 1.2478003559084032 1.4137378428325669
43 301 0.07982417441230966 1.4265056062517965 0.42703699759772357 0.42703699759772357 0.5832917204132703 0.6616960504436901 0.7021787125616435 0.7417046180642893 0.9607336622554469 1.0234725359631354 1.053466210100513 1.1621714201851294 1.2719914683795392 1.4265056062517965
44 308 0.07887572393638914 1.4433501090229206 0.4146654746700776 0.4146654746700776 0.5730421144401855 0.6536717969235855 0.6818849868572926 0.7462687729236607 0.9642239111728406 1.0311683395015363 1.0672505405008763 1.1666130447322043 1.2789401361979151 1.4433501090229206
45 315 0.08125878578229646 1.4467089716027275 0.4129366358846766 0.4129366358846766 0.568212134649866 0.650008393004466 0.6793746423662858 0.7177795555475673 0.962499648239538 1.0220006440277893 1.0709668474356766 1.182688647296489 1.2769680794732852 1.4467089716027275
46 322 0.07629637112539565 1.4613454484504542 0.4115163881326108 0.4115163881326108 0.565449220252486 0.6418067417122276 0.6648213171592542 0.7306850975068838 0.9515428460730672 1.021847685498 1.068811117115598 1.1937352343335277 1.2774840989812961 1.4613454484504542
47 329 0.07418253735861889 1.4638676982305778 0.40171055289373764 0.40171055289373764 0.5554613475071779 0.6284643364160508 0.6565517138576351 0.7153329274371534 0.9544249180304226 1.024691619660474 1.0805942064270062 1.199266960083213 1.2789572120591208 1.4638676982305778
48 336 0.0721589302742945 1.4730728873130883 0.39762939719739965 0.39762939719739965 0.5572523627656666 0.6168421181091424 0.6512041588909243 0.7176917315611794 0.9474355320869972 1.027879085961665 1.0695680727204215 1.2142225978739332 1.2832903992365305 1.4730728873130883
49 343 0.07200133970778602 1.4854573976413126 0.3931294049822491 0.3931294049822491 0.5554159127584247 0.6112880460870529 0.6391672076471973 0.729735207950571 0.9263810619061766 1.01609840916836 1.0751035314718584 1.2223865980687016 1.2753326363423774 1.4854573976413126
50 350 0.07194096405124518 1.5092829448302436 0.38553933763681775 0.38553933763681775 0.5533416559061951 0.6047528773153619 0.6372177710992931 0.7273352593755288 0.9223842554880118 1.026610209534636 1.0475660676877674 1.2426747597145238 1.2787406890715791 1.5092829448302436
51 357 0.07018868885139637 1.5312313585584951 0.38363526922836033 0.38363526922836033 0.5592227690922846 0.5997090873092935 0.6296501506114707 0.7323765623066936 0.9097111412471305 1.0073082114451024 1.0487609064167953 1.247896448993451 1.2776839890567482 1.5312313585584951
52 364 0.07005443804049424 1.5476685457314172 0.38167555952243154 0.38167555952243154 0.557871604783629 0.5967860866596381 0.6273753967121002 0.7282153967950822 0.8914839443386716 0.982711721454684 1.0538269946661727 1.2621962487394844 1.2711316972086892 1.5476685457314172
53 371 0.06897866499900977 1.5566130714941269 0.38068819061076653 0.38068819061076653 0.5573701249149322 0.59684583272743 0.63416187217806 0.6986092423320432 0.8779375865057415 0.9705301225558233 1.059571683798425 1.2645984868701303 1.288832659504676 1.5566130714941269
54 378 0.06766452115946162 1.5700005592090491 0.380363226706404 0.380363226706404 0.5509039582318421 0.593555011674898 0.6200084085254093 0.7025145273202693 0.8585593538087213 0.9660615428595596 1.0812792719853141 1.2591997510542738 1.2929509845843339 1.5700005592090491
55 385 0.06603184781132934 1.5826546750562709 0.37273148985926197 0.37273148985926197 0.5494596540445565 0.5873359852866566 0.6117067517583198 0.6947971838205892 0.8461016911228719 0.9742938417548721 1.0935529616657895 1.270428855495579 1.297364871462553 1.5826546750562709
56 392 0.07081938827603992 1.5845188435072899 0.3601828381110244 0.3601828381110244 0.5454348951425274 0.579712839006686 0.6051795952916169 0.6878049099537975 0.85842448393927 0.9793408593223526 1.093708993824105 1.28107710613647 1.3001790293015474 1.5845188435072899
57 399 0.07186099795348959 1.5872043717693003 0.3509507737974362 0.3509507737974362 0.539311978774193 0.5743295354951287 0.6056436425219608 0.6980732724206041 0.8976151446352316 0.9910336918916339 1.0874237323026903 1.283180831559837 1.3146795856458289 1.5872043717693003
58 406 0.0724189161555141 1.5909710340249525 0.3437524891361738 0.3437524891361738 0.5424256626863351 0.5682343746867602 0.6089506076099263 0.7082790665215074 0.9002513452376365 0.9815347325437288 1.0645158764575378 1.2870399211563603 1.3146194165303748 1.5909710340249525
59 413 0.06990198032321024 1.595449467278289 0.33993749209043633 0.33993749209043633 0.5336153316799934 0.567326981133249 0.605340019367879 0.719161801711678 0.8937095087535821 0.9688216484567159 1.058112154215193 1.2886876529638216 1.306752020381894 1.595449467278289
60 420 0.06626815182058693 1.5934793926518072 0.333210901599672 0.333210901599672 0.5381843537606945 0.5625267453323493 0.60065419206759 0.7117470699494743 0.8869123034309017 0.9543931535239277 1.0529883032593612 1.2979540687088498 1.3088918196494341 1.5934793926518072
61 427 0.06542009153809976 1.597309485767867 0.3313029678382294 0.3313029678382294 0.5422119849454192 0.5575243429490322 0.5895793147688487 0.7163956235123516 0.881619809355032 0.9412514245512176 1.0413194120887712 1.2933887923681313 1.309945103759511 1.597309485767867
62 434 0.06486148136630894 1.6026427808888135 0.32524300187153793 0.32524300187153793 0.5336105824951517 0.5533146580879257 0.5819158320006157 0.7137976869847438 0.9032066203708119 0.9502328272314788 1.0221695976590313 1.2863300277004919 1.3298187919204159 1.6026427808888135
63 441 0.06566474592284838 1.6038630670894294 0.32067578029989185 0.32067578029989185 0.5266830242999158 0.5523518774249684 0.5865587831647234 0.68877812350625 0.9069396601739094 0.9473121228033353 1.0181079299111129 1.292492850395469 1.337764897013966 1.6038630670894294
64 448 0.06701928238354378 1.6126258508684408 0.31966151157462025 0.31966151157462025 0.5196208295498486 0.5518144397650661 0.5869735001305847 0.6941287771575518 0.896860679791057 0.9422619873175336 1.0112430284000657 1.2890426799386911 1.3389100675034196 1.6126258508684408
65 455 0.06799504138030596 1.6354469373093825 0.31070388928278736 0.31070388928278736 0.5200453774597618 0.5443328014136756 0.5701671475421407 0.7188101117884258 0.8863105851431216 0.9584564374609756 1.0199321735066391 1.293187128161705 1.3429959948538575 1.6354469373093825
66 462 0.07148150421120568 1.6530208870371108 0.30888269243633676 0.30888269243633676 0.5164960243640732 0.5412461654843685 0.5706268775970665 0.7235992498060897 0.8670337612933313 0.9428454838271624 1.0190022658124778 1.3019845834085784 1.3468988052730708 1.6530208870371108
67 469 0.07225791270037708 1.6884553456194948 0.3014334704304779 0.3014334704304779 0.5152201766542517 0.5340308005052178 0.5594780806465636 0.7465216500960596 0.8592277296471801 0.9514239553842294 1.0292142998913796 1.3081710504576476 1.3535366865303522 1.6884553456194948
68 476 0.07156947596114516 1.7102622046133866 0.29607974590040453 0.29607974590040453 0.5228596825022018 0.5317437038155076 0.5560861718613745 0.7402298158311217 0.8540593686996732 0.9492525720087903 1.02039504229811 1.3095481413182866 1.3577806721855175 1.7102622046133866
69 483 0.06808962196901008 1.7149703406632486 0.2912277372669277 0.2912277372669277 0.5255494122265206 0.5280623571505374 0.5635805910630503 0.7199508227170421 0.8476605463518483 0.9350299249472043 1.0208885647473587 1.3147183488013499 1.3574977991543427 1.7149703406632486
70 490 0.06551956085359571 1.7173110505205884 0.28925481703724876 0.28925481703724876 0.5200242725325508 0.5281069435145933 0.5637997474925265 0.711402708419372 0.8428982545740341 0.9302288035169173 1.0146301821173853 1.3063869671052672 1.3524390951956926 1.7173110505205884
71 497 0.06424644854147436 1.7274932386337718 0.2861468251578175 0.2861468251578175 0.5250824683454444 0.5275311738876852 0.5626301379438775 0.7144103452024609 0.8378806640842604 0.9124262631847456 0.9890431930083291 1.3058354427257477 1.3493695050240107 1.7274932386337718
72 504 0.06547210970889344 1.740063381258218 0.28740082584138776 0.28740082584138776 0.521571532155093 0.5288502766094327 0.5608253314282553 0.725630942332974 0.8194102086108468 0.88821492447889 0.9857931754899427 1.30363846192747 1.3429555822303785 1.740063381258218
73 511 0.06592484780672614 1.7552641318824722 0.2864996640377932 0.2864996640377932 0.5188531789171027 0.5248132342801303 0.5537891868026732 0.7468041441982413 0.808595450633713 0.875007034481153 1.0036864371418541 1.2951370520358867 1.3384300362844606 1.7552641318824722
74 518 0.06902415783348541 1.7641748078643829 0.2900000516959486 0.2900000516959486 0.5147798890975638 0.5260214466121689 0.5551032219660684 0.7233537205228718 0.7947748930203591 0.8673520806393431 1.022023320900701 1.3004610136123254 1.3328920900283339 1.7641748078643829
75 525 0.07421046191903512 1.773642525026862 0.2972213085848073 0.2972213085848073 0.511555903070532 0.5284171378296058 0.561030566285771 0.7139524330296723 0.7769582472520546 0.8453790371946971 1.0472163694604377 1.297233806402115 1.3224675805852948 1.773642525026862
76 532 0.08620738510831304 1.805629489317672 0.2903291211274366 0.2903291211274366 0.517699635812524 0.521089284174754 0.5480198189084395 0.719954366759197 0.7828262072473084 0.8671003852933843 1.0679714465784762 1.2994102258348186 1.3380997957461116 1.805629489317672
77 539 0.09499306850599298 1.834076162062803 0.2854446456939391 0.2854446456939391 0.5093611173565441 0.519120576044223 0.5400641601795946 0.7270071056516808 0.7927987340907667 0.887066202499056 1.0743518843671587 1.2979773626125013 1.3558607583055933 1.834076162062803
78 546 0.10330675301128929 1.8511291632929288 0.2788166007009902 0.2788166007009902 0.5009512471601649 0.5149092975587444 0.5368386913833282 0.7147288373245353 0.7849038121346916 0.8948087822221636 1.0777945138926983 1.3029377050634134 1.3625315434610423 1.8511291632929288
79 553 0.11275470974499213 1.8773342331944756 0.27551962803104396 0.27551962803104396 0.4971914483953774 0.5098706253719691 0.530415723401571 0.7351437529623586 0.7702959142014089 0.8891520865587463 1.0757632752344286 1.3030164139430904 1.3568624257341475 1.8773342331944756
80 560 0.12379007396121934 1.9064320079254569 0.2782625157407109 0.2782625157407109 0.48647880024905343 0.5104021510351417 0.5267043763368257 0.7351728161266562 0.7586096401387386 0.8930434837192068 1.0904781952826585 1.3020294430169763 1.3647800157108647 1.9064320079254569
81 567 0.13827364643030815 1.9425123596024312 0.27809804833940327 0.27809804833940327 0.48813341577620806 0.5069412739057467 0.5242678450580915 0.7376567907662507 0.7543272708861531 0.888329760136518 1.082354610523523 1.3122670912008627 1.363854771797383 1.9425123596024312
82 574 0.14274821629490322 1.9834304768913693 0.27347049223842723 0.27347049223842723 0.48765185353952545 0.5021765238015218 0.5145783356552094 0.7267708976221783 0.7499978132422005 0.9142368601109271 1.103797741938037 1.3242806831784346 1.3865772009353732 1.9834304768913693
83 581 0.14550167338402406 2.007777258892107 0.26816609339170555 0.26816609339170555 0.47986614032106983 0.49682995956855225 0.5112102500766529 0.7216896802343621 0.7468933038575598 0.9111898049153173 1.0985504082905708 1.3243930296064756 1.3995589584908572 2.007777258892107
84 588 0.1488125043211293 2.0406747603927915 0.2633336043658731 0.2633336043658731 0.47125898917779796 0.49243979790689835 0.5049118305579492 0.7392739759498379 0.7493813056576251 0.9057388287984434 1.0878401721853959 1.3219765998385138 1.4082405927038406 2.0406747603927915
85 595 0.14689564008862402 2.070434894011099 0.26060039190069484 0.26060039190069484 0.4710412436981993 0.4850645830647145 0.49632166610434164 0.7416173024668075 0.7545888591946067 0.8936499837559374 1.0917418245720922 1.3246705100762566 1.4158296765076315 2.070434894011099
86 602 0.14395526365195924 2.0941676808207403 0.2570522647956669 0.2570522647956669 0.46543195712524443 0.4810392309101325 0.4923862587019014 0.7371287614962978 0.7557340277536175 0.8799232350821614 1.0872026796098644 1.323888596500484 1.416517964031974 2.0941676808207403
87 609 0.14728771264467838 2.1008086589928645 0.250950546998595 0.250950546998595 0.46328538729635527 0.4769280349516049 0.4982617727665591 0.7178199756449728 0.7629478032042971 0.8734685073787929 1.0742440599245846 1.3393795880822332 1.4188677737989437 2.1008086589928645
88 616 0.14755325752932663 2.1120648696252142 0.24818535519563772 0.24818535519563772 0.4557789076910588 0.47433116656412777 0.5081518605509853 0.713031627184888 0.7615399560313652 0.8602059090165128 1.0680513089514552 1.3478205452730048 1.4152838846479359 2.1120648696252142
89 623 0.14283822224082626 2.112668017439674 0.24986055559608591 0.24986055559608591 0.4521637865153785 0.4760386872576555 0.5252096084311464 0.6846208500805628 0.7561744561192005 0.8505198685700287 1.0586021779606385 1.3590995785636804 1.4096415081806797 2.112668017439674
90 630 0.14358408189316083 2.1183164434951633 0.245627877047762 0.245627877047762 0.4453474799285306 0.47331986836681894 0.5196851662231143 0.6816782510389396 0.7536578245153184 0.8437426793234274 1.0534496714509556 1.3682577885715768 1.4025320648932786 2.1183164434951633
91 637 0.1426569378984492 2.124017519809707 0.24100026175223863 0.24100026175223863 0.4393873025804464 0.47165362437474 0.5133680259842386 0.6856792967211557 0.7551838660814885 0.8372938126531824 1.0555327512771444 1.378265205298877 1.396371818063102 2.124017519809707
92 644 0.14468693961924364 2.1468252437914725 0.23655507818501526 0.23655507818501526 0.4336939773988229 0.46958586059935975 0.5079623624581631 0.673219490070026 0.7599684987291403 0.8565171194868566 1.0524029864906834 1.388928013232165 1.414028421722869 2.1468252437914725
93 651 0.1479521993154464 2.161626389701012 0.24378523009270822 0.24378523009270822 0.43091791114269257 0.46819741230965417 0.5057245193862212 0.6698002644284656 0.7419985115700755 0.8392938853866801 1.0603021365885095 1.394845166758254 1.4120267544781844 2.161626389701012
94 658 0.15466057660512883 2.1651092520827917 0.24733964629424932 0.24733964629424932 0.42964885778060313 0.4665444731743095 0.497720005776733 0.6630533502684512 0.7352835780560958 0.8298266452599832 1.0631245231907798 1.390712120188904 1.4197926695169305 2.1651092520827917
95 665 0.16527087980233995 2.1672429422287185 0.25338706173645453 0.25338706173645453 0.4267181558627381 0.4608967474086538 0.4970920572543305 0.6496267446471348 0.7296969790891411 0.8325267222452083 1.0746037106791977 1.3924616852981517 1.421503158215862 2.1672429422287185
96 672 0.1843182217241493 2.1654305754081022 0.2650107441059394 0.2650107441059394 0.4196200484202375 0.4549919859236659 0.4913534513251263 0.638819985849683 0.727940627685368 0.8382225608845651 1.087278100789153 1.391198003593526 1.4217649726145005 2.1654305754081022
97 679 0.20772758259119165 2.1652413282802563 0.28462144886611335 0.28462144886611335 0.42042415709431374 0.4586455599848122 0.4917786834849915 0.6296467282204404 0.7121956242085781 0.8197498083631264 1.091454899087185 1.3994722255452574 1.4133604518261 2.1652413282802563
98 686 0.2314152170880271 2.1695400322558562 0.2918011211882271 0.2918011211882271 0.41537610315531964 0.45999756021924937 0.48983218891223057 0.6233217147947216 0.7093721771190549 0.8151721253615489 1.1018968483445595 1.3981798942831123 1.4148769904233267 2.1695400322558562
99 693 0.2608152906224541 2.1646021725008007 0.29897680618826306 0.29897680618826306 0.4098662595835696 0.4582344716501378 0.4839901532984132 0.6142459945196866 0.701744406316603 0.8113865907455112 1.1057788957430095 1.3944619061067565 1.4077587928841042 2.1646021725008007
100 700 0.30096581093970576 2.1633842747323953 0.29895206644410277 0.29895206644410277 0.4135881479542537 0.45576118798352333 0.4819055060025768 0.6003877510768657 0.7026488371321112 0.8081856677135595 1.1048777913023897 1.3995729706050433 1.4096462846966649 2.1633842747323953
101 707 0.35193641753136 2.1615117183006682 0.2963390684987733 0.2963390684987733 0.41751772313373675 0.45174366690248646 0.47857772460314146 0.587495540593198 0.7004735263759039 0.8017088584089087 1.1087139038673748 1.401830797628533 1.4125824441321206 2.1615117183006682
102 714 0.37876473739471306 2.1624195797118326 0.2960953425134134 0.2960953425134134 0.40654320764330615 0.4510021654370481 0.47870486734602224 0.5702401309170247 0.7019267838289164 0.8071603041994672 1.1186059160008268 1.3961531570182764 1.4194583162795014 2.1624195797118326
103 721 0.38786180870542464 2.1661367766247928 0.290525057558907 0.290525057558907 0.4049598326042438 0.44482951091604367 0.4721065459540039 0.5676961852554674 0.7028720538597834 0.8271533373830419 1.1368317220725754 1.3968553846530154 1.4324478776582275 2.1661367766247928
104 728 0.3869653620902958 2.1593713218825674 0.28610563935480837 0.28610563935480837 0.402944134562393 0.4384736420034083 0.46519868968363853 0.5550009764510724 0.7044686679477578 0.8238849135767092 1.1414240551869894 1.3978677279611744 1.4387251936880925 2.1593713218825674
105 735 0.38067333184043456 2.162314897511325 0.2811454146872133 0.2811454146872133 0.40060445546949125 0.43345576578343453 0.46541149620679695 0.546029433350207 0.6953675345336301 0.8283336833843309 1.1374623889590079 1.4166183367399479 1.4447354651196147 2.162314897511325
106 742 0.37197344283077594 2.155140006617396 0.27894934306972025 0.27894934306972025 0.3989482205723277 0.4328613073783141 0.4658497816099566 0.5295473585904765 0.6978521656647129 0.8206954489191776 1.1276921647033555 1.4274661131530304 1.4469869362426255 2.155140006617396
107 749 0.37437480060125344 2.1569685169147346 0.27460836259940485 0.27460836259940485 0.38948555016493813 0.4284085759304927 0.4581323413001467 0.5341713934411656 0.6905747173085163 0.8212480707612752 1.1300881278748673 1.426233909450162 1.4495741197894765 2.1569685169147346
108 756 0.3761149387801611 2.15519235815229 0.27186735470559503 0.27186735470559503 0.391164860400972 0.4245704719378121 0.45564219000941597 0.5320639691094319 0.6876325935151132 0.808549443641407 1.1220662775045012 1.4263215160651033 1.4685498096907426 2.15519235815229
109 763 0.36781655553535025 2.1577245722509963 0.2701376837912337 0.2701376837912337 0.38270716558893336 0.4225129487754404 0.45684977246770914 0.5269290806672237 0.6867503631111707 0.8075046273411439 1.1137083144014481 1.4228973961119638 1.472806687452636 2.1577245722509963
110 770 0.3763625326842233 2.157693998776078 0.26714924519207245 0.26714924519207245 0.37829285451093286 0.4209001372361762 0.46263873373294895 0.5196562504252411 0.680698837116101 0.7993990395381644 1.104972732918926 1.4253668327593005 1.4673116908358264 2.157693998776078
111 777 0.39627505173842736 2.166869588912514 0.2643120553179885 0.2643120553179885 0.3815016947098938 0.4199100143767536 0.4649993116080789 0.5362612734312533 0.6738221787456474 0.787036835972205 1.080561537140753 1.4237031716164168 1.4623520780840928 2.166869588912514
112 784 0.4008930891802618 2.1753842940283885 0.260867015139731 0.260867015139731 0.37512634812335116 0.4186462943945334 0.4667141777135473 0.5476850058809262 0.6722516077955316 0.7846691582229414 1.0737206244179938 1.4218242842744635 1.4576443122645708 2.1753842940283885
113 791 0.394086878269959 2.1771311802398072 0.2578179800969982 0.2578179800969982 0.3721879469302854 0.41926104765207717 0.4753114130036742 0.5351704862841196 0.6700635341142265 0.7734682231664445 1.06437056366704 1.4347742960420813 1.4534452152663642 2.1771311802398072
114 798 0.3700446879771116 2.1791755660832446 0.25176199462093923 0.25176199462093923 0.37423707550259033 0.4164171524149352 0.47476237770818036 0.5262794183351 0.6751905431010295 0.7639820250435904 1.0537721650948015 1.4356197085276747 1.455272434392226 2.1791755660832446
115 805 0.35904568151860433 2.1802653685602515 0.24618965172195567 0.24618965172195567 0.3766661342449845 0.41371055652855465 0.47336269783327817 0.521555638744965 0.678856160390217 0.756091457594689 1.0291803458391429 1.4386033037823673 1.4613134635571852 2.1802653685602515
116 812 0.34874587603639057 2.180019834296835 0.24132097449492568 0.24132097449492568 0.3783029222802446 0.4111952369756384 0.47296399766370734 0.514304520188265 0.681998889672517 0.7442668296090199 1.0193722938246625 1.4379087151193513 1.4672208553694146 2.180019834296835
117 819 0.33171899402622473 2.177769708498804 0.24086946755835478 0.24086946755835478 0.372912152558864 0.41282161543161566 0.4856858670166185 0.49225975696137747 0.6811868288547838 0.7329199768322607 1.0173034912913512 1.4386575517970914 1.4655019092962331 2.177769708498804
118 826 0.3164182239987476 2.17882901105218 0.2359000576918184 0.2359000576918184 0.36984129214202555 0.4101305743116873 0.4776921099907314 0.4979830769513539 0.6815440383503475 0.727336716984563 1.0048915714641693 1.4379999080193617 1.4619561847262972 2.17882901105218
119 833 0.3062982029674482 2.191426046625985 0.2317121818560138 0.2317121818560138 0.3652120509797828 0.4067166834885454 0.47326488928901567 0.4938932742562506 0.6865392753336823 0.7355224720609871 0.9847624814178747 1.446604620776075 1.4648069056722979 2.191426046625985
120 840 0.3084518369187178 2.2010630201127697 0.22415309591620197 0.22415309591620197 0.36554691464390326 0.4010441107520625 0.46873773322080303 0.4874278272006769 0.6946616390846424 0.742349737819646 0.9777307062077414 1.4658469191850012 1.4758265452974786 2.2010630201127697
121 847 0.30243769764353673 2.2143451297866537 0.21799095323266549 0.21799095323266549 0.3643223582948114 0.39644955093720924 0.46429948148383154 0.4933798612440972 0.6988588682838721 0.7500586596114671 0.9600864074540627 1.476355612896147 1.499905008208772 2.2143451297866537
122 854 0.29798510720436955 2.2252611360430974 0.213673885450672 0.213673885450672 0.36377073395819015 0.3925665347810353 0.46253291296676724 0.4955484539688185 0.6922636897793994 0.7415232265339393 0.9498269860498364 1.4893695519179815 1.497372367410519 2.2252611360430974
123 861 0.3000189110253023 2.222661654538763 0.21120574116407484 0.21120574116407484 0.3630557664688544 0.39093521408787296 0.46259240519163436 0.4835346230131513 0.6928735099717117 0.7330702900074119 0.9439263239032841 1.4921365940104019 1.5117065103927343 2.222661654538763
124 868 0.3195862598938093 2.248934232839081 0.20849635607223294 0.20849635607223294 0.35586815970596 0.38950762896990476 0.4523438835336171 0.5014768883711983 0.6906046018552868 0.7395414647722717 0.9427850287853649 1.4859909100072848 1.5186049919846505 2.248934232839081
125 875 0.30323071376612326 2.2726565213775047 0.2064063817572449 0.2064063817572449 0.3526430179847977 0.390264919659715 0.4504784238474272 0.51998188849672 0.6863306470764062 0.7285173563362691 0.9343920032761915 1.4844781502751792 1.5172512272568996 2.2726565213775047
126 882 0.2939765199972107 2.2784153149349398 0.20269578020227297 0.20269578020227297 0.3537155762872751 0.3915748633128779 0.44947869708808297 0.5148856098986461 0.6794126523516394 0.7261292137904922 0.9140941035778637 1.4834950538764455 1.5142687652231237 2.2784153149349398
127 889 0.28153178992300226 2.2832820111834042 0.19996137954211787 0.19996137954211787 0.3553122230143587 0.39163771825737465 0.44978237677439614 0.5098254991927181 0.671242099622628 0.7139034528024382 0.9038418795821107 1.4840735452685943 1.5121629220301067 2.2832820111834042
128 896 0.27798395240128 2.2892491161776736 0.19516843478377202 0.19516843478377202 0.3533075371499245 0.38936614810938075 0.44939328577423043 0.49645429139086045 0.6767703597344883 0.719053186932479 0.8865967412057181 1.4915822230076423 1.5188369561605852 2.2892491161776736
129 903 0.2730244066170502 2.2858673593942798 0.19534578715535003 0.19534578715535003 0.3528918325615245 0.3873330056517451 0.446513194952934 0.4850950443933903 0.6734165974149591 0.7149753088069775 0.8936291495280582 1.4962456069829373 1.5190424232500073 2.2858673593942798
130 910 0.2753632215728544 2.2902334988411943 0.1928832967510684 0.1928832967510684 0.35618418580626676 0.3844212609448561 0.4465079391314393 0.48763602148015334 0.6659220234196848 0.7017009904106605 0.8859281124945195 1.4936763393157537 1.5204984970716833 2.2902334988411943
131 917 0.280855032431346 2.304175227322386 0.1892562582597135 0.1892562582597135 0.3510012043952128 0.382986485629287 0.4394417542532709 0.5062856759714164 0.6655209259829808 0.7032082904634079 0.8811754865069815 1.485521096799849 1.520827219729746 2.304175227322386
132 924 0.28811169710281054 2.3124829147127945 0.18837285642367366 0.18837285642367366 0.35045735222667 0.38135847716619664 0.44004144089666114 0.5140189382848647 0.6571924386425154 0.688162876656786 0.8778346064334654 1.4864172604896568 1.5246887532031972 2.3124829147127945
133 931 0.2807080857046765 2.311021535710686 0.18774248199239693 0.18774248199239693 0.343512408191323 0.38121539733556653 0.43671866009206495 0.5318683450885289 0.654219840009485 0.6790557264953919 0.8738289590346352 1.4767997659979173 1.524934270071024 2.311021535710686
134 938 0.26991949828062645 2.303599048260715 0.18473523900568253 0.18473523900568253 0.3422874799858267 0.37977363147959275 0.438376026686545 0.5218071506900679 0.6487910910754117 0.6726346427107901 0.8671772349809189 1.4832930589210755 1.5333502729256059 2.303599048260715
135 945 0.2698289418653435 2.2963762258515215 0.18725250583028663 0.18725250583028663 0.3415497620961803 0.3814893590776415 0.4362149122893748 0.5151078131681007 0.634880742643307 0.6579338032169147 0.8724585044814718 1.480369633246588 1.527866272342767 2.2963762258515215
136 952 0.2509463411516788 2.301729471153975 0.184537853750238 0.184537853750238 0.3346391150489332 0.3791864508478908 0.42807526641712074 0.5123300064315176 0.6503321811610435 0.679038828423927 0.880715426899444 1.4718598761929969 1.5425337947153483 2.301729471153975
137 959 0.250335485255796 2.2979706282153853 0.18020933274636353 0.18020933274636353 0.3329188286626565 0.37531683404187527 0.4271244154717856 0.49880090938447846 0.6488491768687954 0.6784871559317087 0.872646310764295 1.4892669176744378 1.5381923703015759 2.2979706282153853
138 966 0.26524520840420845 2.294134987389835 0.1815079051501481 0.1815079051501481 0.3340834648527631 0.3741518988324343 0.42305223512502244 0.4973704585749167 0.6366957582651194 0.6656962244459865 0.8763784198504465 1.5094118569969028 1.5307424083847025 2.294134987389835
139 973 0.2882963221162794 2.2910690025089386 0.18706539848593867 0.18706539848593867 0.3365847295650532 0.37607073579925926 0.41854678383224825 0.4985695834720482 0.6248326063368568 0.6520504544027965 0.8910373194619582 1.508700028841694 1.5223801871837657 2.2910690025089386
140 980 0.2781907835118546 2.3103746991567773 0.18754249408601187 0.18754249408601187 0.32977272603975616 0.3729018269247227 0.41159309630660784 0.5086055839360597 0.628867005114125 0.6734891336283894 0.8962211478602584 1.5061080147785715 1.5430663529340582 2.3103746991567773
141 987 0.2752721271028503 2.307192788475205 0.1843001589391058 0.1843001589391058 0.3262062462840758 0.36991871721106906 0.4085844231151057 0.4929735132404815 0.6264744168219311 0.6709275127294188 0.9063746416891484 1.5077201445346475 1.5524672818210068 2.307192788475205
142 994 0.26167083844614547 2.316794804423638 0.18561469109713338 0.18561469109713338 0.32535535699203444 0.36905212761395073 0.4065436824247769 0.504224145887647 0.6117656960406123 0.6542311403097474 0.9017069078490099 1.51330502113577 1.5423439820675082 2.316794804423638
143 1001 0.2580831471926351 2.338678280996842 0.18237395706104773 0.18237395706104773 0.32171424382960956 0.3672599074312133 0.400068942228815 0.5078180863979818 0.609434409378819 0.6504939676954612 0.899753338057127 1.5119808993554125 1.538271136000392 2.338678280996842
144 1008 0.2481497560330374 2.338344311593585 0.1813168435948279 0.1813168435948279 0.3217121731556462 0.36561242081259376 0.3954480549504316 0.5026626035338523 0.6044265777846142 0.6500760955506392 0.9075778419779009 1.5098264091349043 1.5448136686542548 2.338344311593585
145 1015 0.23751444825667023 2.3449798514080857 0.1789637626483804 0.1789637626483804 0.3211391822930525 0.36097345628623206 0.3941937750610011 0.5011474593827334 0.5967715050091859 0.6432229513889376 0.9021657110624504 1.5279064293366615 1.537726008135079 2.3449798514080857
146 1022 0.2316422817610458 2.347912024768605 0.17889451787573496 0.17889451787573496 0.3169091972431693 0.3590842312176008 0.3922242606720578 0.4983454514888612 0.5859094270294253 0.6292114057910053 0.900921690132251 1.5212378327111507 1.5443032436991029 2.347912024768605
147 1029 0.21648886129367534 2.3513689536015385 0.18010704629055196 0.18010704629055196 0.3062711727820193 0.36184981132866784 0.3911835384088689 0.49221790135240234 0.5810357552704022 0.6237947335223037 0.9025598262639974 1.509520273498625 1.5419788279784483 2.3513689536015385
148 1036 0.2170179668652111 2.351543886666933 0.1796896437626068 0.1796896437626068 0.29861929311773716 0.36210690434773823 0.38871917349643353 0.4783022458737649 0.5709456312654206 0.6235265029658447 0.9159654739175379 1.5069657539935872 1.5344031195813628 2.351543886666933
149 1043 0.222707241799864 2.362977423291494 0.18047133037901325 0.18047133037901325 0.29298739571575044 0.36172279116915074 0.3833604388574752 0.4965615116196658 0.5596905705314426 0.6147094336300317 0.9207054377585769 1.4963814211843285 1.526853581636897 2.362977423291494
150 1050 0.21003871386362383 2.3710725161076143 0.1778143511286336 0.1778143511286336 0.2935278893425219 0.3592618669000734 0.3740091909014161 0.5022248145203111 0.5662695915280718 0.6238831609450068 0.9173949345246929 1.4861737104963746 1.5300155879390689 2.3710725161076143
151 1057 0.20422490621996678 2.3705016947396027 0.17725344274677218 0.17725344274677218 0.28747613100506514 0.3542243157743642 0.36976653439619733 0.5023284924778926 0.5610832594880292 0.6233918303032439 0.9261987781570087 1.4762241523910933 1.5273668763314918 2.3705016947396027
152 1064 0.20482286602971392 2.3722800006974025 0.17378013364723616 0.17378013364723616 0.29106190642156743 0.3526447953774637 0.3629350017191033 0.5078732804038014 0.5620739743375693 0.6210062268775836 0.9180497872730511 1.4713974836924777 1.5256104918663278 2.3722800006974025
153 1071 0.2129187404279667 2.371520724657871 0.17318995027822082 0.17318995027822082 0.29038872668658716 0.3514876981092817 0.3570537800131697 0.516693426622259 0.5551132224576812 0.6155820773150955 0.9197095139494944 1.4649829353367634 1.51726535619806 2.371520724657871
154 1078 0.23096808159753318 2.3729232879544173 0.17110880712961898 0.17110880712961898 0.28740880994860524 0.34752453569198405 0.3546230824334929 0.526893967815432 0.5548802868631452 0.6121262295458246 0.9271508517653827 1.462423636763017 1.5111842554748316 2.3729232879544173
155 1085 0.24054959558088526 2.3819077386024112 0.16929423074835892 0.16929423074835892 0.2836612911415549 0.3442831968356596 0.3560561442428802 0.5361258612837595 0.5702866328959695 0.6080903200762908 0.9260591679374766 1.4635778815472515 1.5050829175811933 2.3819077386024112
156 1092 0.24880546900577374 2.3920064499437035 0.16746684347990637 0.16746684347990637 0.2746925687911347 0.34384445657230894 0.35232893121961395 0.5277494536833275 0.5947994632570544 0.6118341793751284 0.9215895420603413 1.4678065684985206 1.5124942491652555 2.3920064499437035
157 1099 0.2552961976262934 2.3947113591896314 0.16401560983705413 0.16401560983705413 0.26926055957370215 0.3383614396902376 0.34555522902038516 0.5254769404037685 0.6106574526746497 0.6220237664579833 0.9317402199432192 1.4704364633742997 1.5167344431500016 2.3947113591896314
158 1106 0.26373449925216386 2.397332243012948 0.16303576631469105 0.16303576631469105 0.26368470537908856 0.33426044629237534 0.3490299337506726 0.5287323509995853 0.6049616762204563 0.6227940532306298 0.9298884571960699 1.477811029960926 1.5110416723047824 2.397332243012948
159 1113 0.26903518189890546 2.3962938666209626 0.1621149564616273 0.1621149564616273 0.2575606670081935 0.3342322090959355 0.3445827045104698 0.5320085454220288 0.60268635397947 0.6187224865469325 0.9405919986914036 1.4845563654687213 1.5021670627485577 2.3962938666209626
160 1120 0.26170047692736326 2.399626500125045 0.1599079283626248 0.1599079283626248 0.25484081236165884 0.331088400080753 0.341765611629967 0.5356846066464311 0.601475539278723 0.622493764591278 0.934200935757872 1.4928134996816849 1.5043604614554238 2.399626500125045
161 1127 0.2497585541799245 2.394358974521658 0.16016088233420941 0.16016088233420941 0.24882196163190137 0.3334622710519465 0.34399251592932034 0.5249734679576941 0.5916676245838463 0.6219416690530145 0.9314550495040936 1.4915113520095633 1.5041716270294267 2.394358974521658
162 1134 0.23276999371286342 2.3863573551480224 0.15856739436270487 0.15856739436270487 0.24860093953164822 0.3325800838625567 0.3491505205584507 0.5057692702172056 0.5870656382934596 0.6291483089740237 0.927125453272576 1.489286286902864 1.5024284172642872 2.3863573551480224
163 1141 0.22488252707618528 2.3825058025977537 0.15677791957586035 0.15677791957586035 0.24132004161578258 0.32844724140663467 0.3501178572184352 0.49629054498765546 0.5843816306447963 0.6311948122774603 0.9375615556083156 1.4745200071213715 1.5025152394945012 2.3825058025977537
164 1148 0.21733146849523946 2.3777926775434843 0.15688104266460826 0.15688104266460826 0.23319420935622606 0.32678185504667473 0.35786317619473385 0.48454953695239356 0.5812963558070265 0.6326431639538721 0.9453865151196529 1.4628149423164725 1.5047327449393368 2.3777926775434843
165 1155 0.20137267650935275 2.3752231394522423 0.15482007361703246 0.15482007361703246 0.2262454856975565 0.3239695757348918 0.3604351795143555 0.47824201622172113 0.5784261882314219 0.6366657403392819 0.9559938940740539 1.4517065608168758 1.5113895435462297 2.3752231394522423
166 1162 0.1975435599741541 2.3765086755004012 0.15265923956236918 0.15265923956236918 0.22002727110462675 0.3225077030781734 0.35531395138877236 0.47480180060610233 0.5747118359778282 0.6329307645443899 0.961289743877335 1.4451224784930894 1.5086791765210703 2.3765086755004012
167 1169 0.2027559169312885 2.3745407235418323 0.15134957640051555 0.15134957640051555 0.2142726191267118 0.31977268589551416 0.34961018079162076 0.46975611046532384 0.5895151939802467 0.6399071170669727 0.9644712393214099 1.435601808099869 1.5359417396054904 2.3745407235418323
168 1176 0.20227599370286747 2.369023643294339 0.15085070779589155 0.15085070779589155 0.21119289932181814 0.3192828313899882 0.3460639425129411 0.46879565502590753 0.598696429869637 0.6400739888980826 0.9646766169367346 1.4283750163886881 1.5657680391552846 2.369023643294339
169 1183 0.19497651333755048 2.364974339539436 0.15148333423160093 0.15148333423160093 0.204454361028771 0.3211666097519494 0.34725226755596483 0.46010839770826584 0.5981185127994753 0.6360511779774497 0.96540434466452 1.4229445350803127 1.5850191440698278 2.364974339539436
170 1190 0.18990438771861062 2.365219965781768 0.15060663618887815 0.15060663618887815 0.20026287374247623 0.3215255472482556 0.3444219423849315 0.4590223587129593 0.5907687329679948 0.6294262807124045 0.9660703469091119 1.4163036432099791 1.5887832391656675 2.365219965781768
171 1197 0.18691126762084037 2.363749878284514 0.15016025093969157 0.15016025093969157 0.19823569198131202 0.32127782831879054 0.3389258285866829 0.46320480731040875 0.5812020178874748 0.6207316177480916 0.9733921118960229 1.4109297389315942 1.5848837684541368 2.363749878284514
172 1204 0.18155509930319622 2.3595827713324926 0.14956366478928648 0.14956366478928648 0.19454653076916056 0.321281325953636 0.33587955230949895 0.4564900000694257 0.575567497164513 0.6176536646687737 0.9877373384983316 1.407168529824192 1.5872424578514817 2.3595827713324926
173 1211 0.18292815120982797 2.3609189238851966 0.14893656657558216 0.14893656657558216 0.18782212495977924 0.3208204697796848 0.3346406510880807 0.4469211823271476 0.5764316707727472 0.6246790898538516 0.9875678927114035 1.4106564221584421 1.607630836645508 2.3609189238851966
174 1218 0.18278998085956308 2.3574503328467173 0.14936220132231212 0.14936220132231212 0.18562057514881325 0.31766351126505277 0.3345152833728975 0.45298821744745105 0.5624473241671023 0.6126051864304907 0.995969393545751 1.4183604737833726 1.6062657500770277 2.3574503328467173
175 1225 0.1852022900458531 2.3511668106183836 0.1471424710918564 0.1471424710918564 0.18371229732367705 0.3138115053329383 0.3330048313962343 0.45693374759835087 0.5580286244839182 0.6069254459252575 1.012106233138926 1.418447846895393 1.6056126461534748 2.3511668106183836
176 1232 0.18932218944165422 2.345166194546085 0.14869105952770487 0.14869105952770487 0.18167974809568793 0.31175613801417373 0.3383093361960129 0.45565384308078705 0.5519118716921113 0.5998280649419062 1.0181039862386345 1.4192343563601204 1.5979418937073329 2.345166194546085
177 1239 0.19965393674778673 2.3423769445113005 0.15474699495845126 0.15474699495845126 0.17999607075057852 0.3101835560344107 0.33398086646831115 0.4571381066695491 0.5462720936403911 0.592652293985714 1.0233110356821278 1.419458140456975 1.5892222785666648 2.3423769445113005
178 1246 0.22152877944285007 2.3394398797072595 0.16224647674924636 0.16224647674924636 0.17636833216305128 0.30922620115856825 0.33146839635369496 0.45630329664789465 0.5373243879717845 0.5885026616321667 1.0288403680424298 1.4182345158513772 1.5788023324479128 2.3394398797072595
179 1253 0.24425936314838767 2.3357875628087035 0.1717549382156345 0.1717549382156345 0.17445778144259966 0.30714157869377445 0.3358135092948873 0.4533528505673819 0.5297403938576335 0.5844388155615339 1.0353549941843878 1.4196761059619125 1.569875468807889 2.3357875628087035
180 1260 0.26485731349778596 2.3269078242147714 0.1714263486958216 0.1714263486958216 0.18048598430861934 0.3058463179862072 0.34155693597909625 0.43379562426612384 0.5301755657438917 0.5816384718470174 1.0349761611364208 1.4435179237139328 1.563339486568458 2.3269078242147714
181 1267 0.2728190227147768 2.3190065972967506 0.16890676812366798 0.16890676812366798 0.1823867780798328 0.3046944182917287 0.34795610996291043 0.4178109942646585 0.5302076744002662 0.580927942923042 1.0381156747968523 1.4649840422244387 1.5559117418481505 2.3190065972967506
182 1274 0.2816798314185281 2.31218619121055 0.1639463265630723 0.1639463265630723 0.18257923748315671 0.30116075990289803 0.34424775695739057 0.40431266215706374 0.5347348513533208 0.5853972336224017 1.0535516058943735 1.4939012613412312 1.5565652755399724 2.31218619121055
183 1281 0.2891101843730655 2.308834903632401 0.1606444557088194 0.1606444557088194 0.17812964075811177 0.2997944028789917 0.3439961787533689 0.39262812148650467 0.5372780881607782 0.5890862818011118 1.0717722514667516 1.5189309689121033 1.5572117497591043 2.308834903632401
184 1288 0.2805695420990364 2.3098997732813604 0.16105834781559034 0.16105834781559034 0.173017741054936 0.2987667539973895 0.3398992263059977 0.40103009678259904 0.528022161879373 0.5950954302402579 1.082332583896843 1.5295028576606544 1.560189055680704 2.3098997732813604
185 1295 0.2796943435144276 2.304940900968735 0.15628296893788662 0.15628296893788662 0.17154735437347554 0.2954114339891092 0.3351868106009654 0.39132833106832693 0.5310059848277717 0.6035470958946993 1.089303363494442 1.5500965499941513 1.5646144483723272 2.304940900968735
186 1302 0.2945186057860966 2.308647305119713 0.15269092397799805 0.15269092397799805 0.168508765445495 0.29333385482292446 0.3285796685321275 0.39901079522323113 0.5266142756351178 0.6051575494800366 1.0942608910886888 1.5586184166219323 1.563586890514143 2.308647305119713
187 1309 0.29661449644234883 2.3130579515141445 0.14967677854371592 0.14967677854371592 0.16604307563397414 0.2905118264521921 0.3233264233382267 0.424066030971521 0.5238121937072265 0.6032466395212278 1.0880014624893541 1.5541012297304428 1.573642640341134 2.3130579515141445
188 1316 0.3047822423137637 2.3099310870481986 0.1485189429447144 0.1485189429447144 0.16594458421851654 0.2881852911046268 0.3226501513730544 0.4265852791270672 0.5184079816804517 0.5908002892607938 1.08470400826662 1.5499092674005073 1.586502424746538 2.3099310870481986
189 1323 0.33786874724977917 2.311105428494915 0.1457049055930688 0.1457049055930688 0.16214885337435955 0.28600111339096623 0.3189638291018719 0.43657626708037495 0.52201440195845 0.5891635324926887 1.0843287522143048 1.5447865340638098 1.5927443120012699 2.311105428494915
190 1330 0.36915199315596897 2.317851115104003 0.14267316932631383 0.14267316932631383 0.16062521065457488 0.2841990573761062 0.31304160995127395 0.4617077710015801 0.5336417886180288 0.5883760106557653 1.0830900884088768 1.5385313980645057 1.5996211176202701 2.317851115104003
191 1337 0.39149743855371566 2.3253193669513754 0.1397628502835062 0.1397628502835062 0.16105615224542244 0.283285016726226 0.30690237897834816 0.48201940885046834 0.5450513574903698 0.5926507304537048 1.0763276420472225 1.5355954454681733 1.603702239662942 2.3253193669513754
192 1344 0.40160581104950666 2.324467312633428 0.1424675271509627 0.1424675271509627 0.1560615682179761 0.28578675764450434 0.3049983188268198 0.4829425703279623 0.5453837743337634 0.5873468561604537 1.0858423820736123 1.53052165474845 1.5928922347107473 2.324467312633428
193 1351 0.4181380762170485 2.3227493573810314 0.14246212399961697 0.14246212399961697 0.15148085123747598 0.28566973706795457 0.3057120487080469 0.47319212267647975 0.5411292490115652 0.5916669764710732 1.0962024247295907 1.5317975028531863 1.5826947762413555 2.3227493573810314
194 1358 0.44173723521252045 2.324509921474787 0.1430547673637647 0.1430547673637647 0.14637768145964045 0.28598765897165035 0.3119703041266801 0.46752687169359447 0.5355432939831816 0.5908236673455999 1.1006005687321965 1.5343402295885913 1.5709098077983616 2.324509921474787
195 1365 0.4555714238339157 2.320117554910806 0.1413405049325436 0.1413405049325436 0.1456528263680564 0.2853034867642501 0.3220993296797062 0.451456072640248 0.5277310959220771 0.5928483004461947 1.112904510498283 1.5486858531292549 1.559020971687507 2.320117554910806
196 1372 0.44974129748319874 2.3157401783336122 0.1396456535908901 0.1396456535908901 0.14409402314584752 0.2852050134892518 0.3311767794578122 0.43341088897940555 0.5269418466507921 0.5938167845990825 1.104866114937754 1.5537906361178664 1.57197607659536 2.3157401783336122
197 1379 0.4694515888897182 2.3136989838820377 0.13832023297212032 0.13832023297212032 0.1445374175952653 0.2829830025099258 0.3298540281554918 0.4285200205116192 0.5194224127233042 0.5870967501204549 1.1055455713496272 1.5574374292160784 1.566808864447902 2.3136989838820377
198 1386 0.4659005039777304 2.3143123833718335 0.13574383666916626 0.13574383666916626 0.14659824650887235 0.28380694783850746 0.3247356197412552 0.42822816769348493 0.5219894032416266 0.5984063349684925 1.1010477439904913 1.5509954828504737 1.5655517140737747 2.3143123833718335
199 1393 0.46453473099369624 2.3137348105073743 0.13627841211 0.13627841211 0.14309303668845527 0.2852154353998215 0.32499737774840126 0.4206736386934939 0.5142333149353038 0.6023029471488404 1.1046486661893977 1.5518720503132146 1.5605041908234805 2.3137348105073743
200 1400 0.4960420703737965 2.3119794424619338 0.13434781474291252 0.13434781474291252 0.14039651060556702 0.2853886568937792 0.3177920577906502 0.4238191526746164 0.5104881028437874 0.6062881261458097 1.1134344032911017 1.5471382846335442 1.5568314878446148 2.3119794424619338
